300
1.32800e+01 3.06637e+14 9.999999999999999e-01 8.000000688351112e+24 
1.48022e+01 3.61795e+14 3.929635273160885e+12 8.916978655378666e+24 
1.64988e+01 4.27900e+14 8.154746678510929e+12 9.939062688222427e+24 
1.83900e+01 5.07238e+14 1.270421196030667e+13 1.107830027942457e+25 
2.04979e+01 6.02578e+14 1.760900940917777e+13 1.234811983211179e+25 
2.28474e+01 7.17262e+14 2.290216537589647e+13 1.376348894305795e+25 
2.54662e+01 8.55314e+14 2.861862478641884e+13 1.534109082850315e+25 
2.83852e+01 1.02157e+15 3.479501853071740e+13 1.709952097228955e+25 
3.16388e+01 1.22182e+15 4.146929450666950e+13 1.905950631423853e+25 
3.52653e+01 1.46297e+15 4.868017010635307e+13 2.124414956237740e+25 
3.93075e+01 1.75321e+15 5.646639137760721e+13 2.367920150875845e+25 
4.38130e+01 2.10175e+15 6.485572861075234e+13 2.639336455824402e+25 
4.88349e+01 2.51641e+15 7.381080012989769e+13 2.941863104616332e+25 
5.44325e+01 3.00771e+15 8.332999819893417e+13 3.279066034216249e+25 
6.06717e+01 3.58815e+15 9.342014304993828e+13 3.654919917258333e+25 
6.76260e+01 4.27222e+15 1.040891395484816e+14 4.073855012199445e+25 
7.53774e+01 5.07711e+15 1.153515853951259e+14 4.540809383621447e+25 
8.40174e+01 6.02401e+15 1.272385351096309e+14 5.061287108191662e+25 
9.36476e+01 7.14058e+15 1.398134875955212e+14 5.641423152412197e+25 
1.04382e+02 8.46532e+15 1.531976736860435e+14 6.288055686962773e+25 
1.16346e+02 1.00554e+16 1.676090766490058e+14 7.008806690150930e+25 
1.29682e+02 1.20005e+16 1.834231545685401e+14 7.812171790760343e+25 
1.44547e+02 1.43805e+16 2.007849051712872e+14 8.707620402663214e+25 
1.61115e+02 1.72065e+16 2.192840082787377e+14 9.705707336221945e+25 
1.79582e+02 2.05510e+16 2.389261724525681e+14 1.081819722407633e+26 
2.00166e+02 2.44983e+16 2.597250642752900e+14 1.205820318715243e+26 
2.23110e+02 2.91468e+16 2.817001553132004e+14 1.344034140140850e+26 
2.48683e+02 3.46147e+16 3.048909157058674e+14 1.498090338169854e+26 
2.77188e+02 4.10509e+16 3.293808023861337e+14 1.669804801360490e+26 
3.08960e+02 4.86545e+16 3.553359508249751e+14 1.861201559711892e+26 
3.44373e+02 5.77100e+16 3.830657300510431e+14 2.074536642575528e+26 
3.83846e+02 6.86495e+16 4.131157085597481e+14 2.312324671429024e+26 
4.27843e+02 8.21309e+16 4.463390098105286e+14 2.577368500794138e+26 
4.76884e+02 9.83692e+16 4.822479997511386e+14 2.872792248590860e+26 
5.31545e+02 1.17621e+17 5.204457272427571e+14 3.202078126148527e+26 
5.92472e+02 1.40379e+17 5.609588446828321e+14 3.569107485653589e+26 
6.60383e+02 1.67214e+17 6.038170549306178e+14 3.978206568360162e+26 
7.36077e+02 1.98796e+17 6.490710470957408e+14 4.434197498894688e+26 
8.20448e+02 2.35945e+17 6.968279143181599e+14 4.942455124813254e+26 
9.14490e+02 2.79716e+17 7.473097020132064e+14 5.508970371564081e+26 
1.01931e+03 3.31558e+17 8.009466219067940e+14 6.140420859916399e+26 
1.13615e+03 3.93591e+17 8.585215793699768e+14 6.844249618714774e+26 
1.26637e+03 4.69106e+17 9.213933846901809e+14 7.628752821521956e+26 
1.41153e+03 5.62024e+17 9.908043555750815e+14 8.503177567793769e+26 
1.57332e+03 6.72719e+17 1.065005949869694e+15 9.477830834502012e+26 
1.75366e+03 8.03806e+17 1.143843243212708e+15 1.056420103062468e+27 
1.95467e+03 9.58607e+17 1.227370688044253e+15 1.177509339443198e+27 
2.17872e+03 1.14098e+18 1.315658445918224e+15 1.312478092819868e+27 
2.42844e+03 1.35553e+18 1.408842487697950e+15 1.462917263771895e+27 
2.70680e+03 1.60799e+18 1.507211974407822e+15 1.630600105725194e+27 
3.01706e+03 1.90590e+18 1.611351350287392e+15 1.817503127161549e+27 
3.36288e+03 2.25990e+18 1.722364014724393e+15 2.025829390143773e+27 
3.74834e+03 2.68596e+18 1.842216263187862e+15 2.258034480152350e+27 
4.17799e+03 3.20924e+18 1.974269545275260e+15 2.516855453872296e+27 
4.65688e+03 3.84504e+18 2.118243223595812e+15 2.805343079896542e+27 
5.19066e+03 4.59931e+18 2.271497926575275e+15 3.126897799720403e+27 
5.78562e+03 5.49152e+18 2.434142259570732e+15 3.485309834310973e+27 
6.44879e+03 6.54409e+18 2.606290937982818e+15 3.884803847361487e+27 
7.18796e+03 7.78327e+18 2.788121614894756e+15 4.330088742506764e+27 
8.01186e+03 9.24084e+18 2.980003010231206e+15 4.826413168992677e+27 
8.93020e+03 1.09572e+19 3.182708940242236e+15 5.379627390700685e+27 
9.95380e+03 1.29869e+19 3.397761487678017e+15 5.996252248822401e+27 
1.10947e+04 1.54089e+19 3.627965811864650e+15 6.683556032797370e+27 
1.23664e+04 1.83442e+19 3.878232303090480e+15 7.449640168440458e+27 
1.37839e+04 2.19637e+19 4.155101282161214e+15 8.303534713099370e+27 
1.53639e+04 2.62990e+19 4.452684768227986e+15 9.255304586596952e+27 
1.71249e+04 3.14362e+19 4.769068456126386e+15 1.031616842449505e+28 
1.90878e+04 3.75063e+19 5.104471396311792e+15 1.149863079770896e+28 
2.12757e+04 4.46609e+19 5.459152010816245e+15 1.281662957422012e+28 
2.37144e+04 5.30796e+19 5.833580228881676e+15 1.428570021055264e+28 
2.64326e+04 6.29832e+19 6.228755064998673e+15 1.592315887975102e+28 
2.94623e+04 7.46592e+19 6.646725644055850e+15 1.774830659928539e+28 
3.28394e+04 8.85066e+19 7.091416450670896e+15 1.978265677306250e+28 
3.66035e+04 1.05116e+20 7.569902029454059e+15 2.205018884314499e+28 
4.07991e+04 1.25412e+20 8.094386909122057e+15 2.457763106206158e+28 
4.54756e+04 1.50283e+20 8.671077113590846e+15 2.739477510737530e+28 
5.06881e+04 1.79830e+20 9.285864773370814e+15 3.053482642805883e+28 
5.64981e+04 2.14804e+20 9.938729720001194e+15 3.403479722759119e+28 
6.29741e+04 2.56086e+20 1.063012499752457e+16 3.793594211943285e+28 
7.01924e+04 3.04705e+20 1.136068176138858e+16 4.228424438939592e+28 
7.82380e+04 3.61896e+20 1.213166896940140e+16 4.713095804044848e+28 
8.72059e+04 4.29209e+20 1.294577430186823e+16 5.253321200960351e+28 
9.72017e+04 5.08710e+20 1.380836581394772e+16 5.855468371638229e+28 
1.08343e+05 6.03344e+20 1.472946896042492e+16 6.526634994521400e+28 
1.20762e+05 7.17571e+20 1.572680175289881e+16 7.274732401716088e+28 
1.34604e+05 8.58270e+20 1.682890993164735e+16 8.108578905176457e+28 
1.50033e+05 1.02809e+21 1.802252865152885e+16 9.038002999772930e+28 
1.67230e+05 1.22954e+21 1.929299036914460e+16 1.007395967917403e+29 
1.86398e+05 1.46783e+21 2.064128598541704e+16 1.122865985932159e+29 
2.07764e+05 1.74896e+21 2.206844152859698e+16 1.251571407630911e+29 
2.31579e+05 2.07998e+21 2.357603859843572e+16 1.395029292519748e+29 
2.58123e+05 2.46941e+21 2.516728918797752e+16 1.554930590499830e+29 
2.87710e+05 2.92813e+21 2.684882714652846e+16 1.733160079496703e+29 
3.20688e+05 3.47083e+21 2.863357646055994e+16 1.931818594015760e+29 
3.57447e+05 4.11882e+21 3.054521668607361e+16 2.153247811320279e+29 
3.98419e+05 4.90475e+21 3.262508896949023e+16 2.400057894903866e+29 
4.44087e+05 5.86903e+21 3.491466825190420e+16 2.675158205209309e+29 
4.94990e+05 7.01568e+21 3.735775310054217e+16 2.981791105773928e+29 
5.51728e+05 8.37056e+21 3.994771572691994e+16 3.323570837193302e+29 
6.14969e+05 9.96835e+21 4.268796212113013e+16 3.704525955556908e+29 
6.85460e+05 1.18511e+22 4.558482378804684e+16 4.129146790210184e+29 
7.64030e+05 1.40721e+22 4.865064927081890e+16 4.602438404208187e+29 
8.51607e+05 1.67031e+22 5.190882909885398e+16 5.129979653675287e+29 
9.49223e+05 1.98472e+22 5.540162769817662e+16 5.717989065952613e+29 
1.05803e+06 2.36597e+22 5.920132254529620e+16 6.373398333984622e+29 
1.17930e+06 2.82173e+22 6.327703414408245e+16 7.103932568718199e+29 
1.31448e+06 3.35653e+22 6.756827928647990e+16 7.918201875690105e+29 
1.46516e+06 3.98207e+22 7.207153804031738e+16 8.825803965669237e+29 
1.63310e+06 4.71218e+22 7.678704917623082e+16 9.837436680706043e+29 
1.82030e+06 5.56418e+22 8.172392030702776e+16 1.096502418882059e+30 
2.02895e+06 6.56164e+22 8.690893518228202e+16 1.222185773052553e+30 
2.26152e+06 7.73927e+22 9.240043398493792e+16 1.362275265302269e+30 
2.52076e+06 9.15200e+22 9.830994493803339e+16 1.518422370253459e+30 
2.80970e+06 1.08696e+23 1.047559385546197e+17 1.692467871192946e+30 
3.13177e+06 1.29026e+23 1.116023909738758e+17 1.886462823110012e+30 
3.49076e+06 1.52924e+23 1.188228930189653e+17 2.102693717123423e+30 
3.89090e+06 1.80883e+23 1.264022276632863e+17 2.343709171908946e+30 
4.33691e+06 2.13419e+23 1.343153089651230e+17 2.612349938407829e+30 
4.83405e+06 2.51046e+23 1.425261815625507e+17 2.911782433203748e+30 
5.38817e+06 2.94265e+23 1.509879361654035e+17 3.245536164701026e+30 
6.00581e+06 3.43543e+23 1.596441223149729e+17 3.617545535419571e+30 
6.69426e+06 3.99255e+23 1.684265373955270e+17 4.032196539093974e+30 
7.46162e+06 4.59334e+23 1.769231502976062e+17 4.494376168708305e+30 
8.31695e+06 5.27312e+23 1.855436443425391e+17 5.009532520820827e+30 
9.27034e+06 6.10451e+23 1.949991878676342e+17 5.583738425762595e+30 
1.03330e+07 7.10852e+23 2.052441827781154e+17 6.223760604062705e+30 
1.15175e+07 8.32186e+23 2.163519840568372e+17 6.937142538567052e+30 
1.28378e+07 9.78322e+23 2.283551568656921e+17 7.732292633736755e+30 
1.43094e+07 1.15275e+24 2.412099100668203e+17 8.618583955748548e+30 
1.59497e+07 1.35739e+24 2.547428285453880e+17 9.606465962869718e+30 
1.77781e+07 1.59237e+24 2.686849737818208e+17 1.070758632290130e+31 
1.98161e+07 1.86311e+24 2.830967452177517e+17 1.193491725099963e+31 
2.20878e+07 2.17473e+24 2.979786033908838e+17 1.330292342578383e+31 
2.46198e+07 2.53342e+24 3.133460595588675e+17 1.482772908398254e+31 
2.74421e+07 2.94802e+24 3.292809954502334e+17 1.652730871679926e+31 
3.05880e+07 3.43247e+24 3.459837095096353e+17 1.842170150576365e+31 
3.40945e+07 4.00881e+24 3.638104496433109e+17 2.053325032650991e+31 
3.80031e+07 4.68034e+24 3.824482468633984e+17 2.288683131386472e+31 
4.23598e+07 5.45206e+24 4.016651420496168e+17 2.551017408199198e+31 
4.72159e+07 6.33805e+24 4.214580378412416e+17 2.843419729572049e+31 
5.26287e+07 7.35768e+24 4.418927534172569e+17 3.169336779786040e+31 
5.86621e+07 8.54064e+24 4.631599802487432e+17 3.532611277137885e+31 
6.53872e+07 9.93613e+24 4.856657655295820e+17 3.937528344436458e+31 
7.28835e+07 1.15811e+25 5.094686827971025e+17 4.388861410028109e+31 
8.12392e+07 1.34707e+25 5.340030666149163e+17 4.891924643070762e+31 
9.05529e+07 1.56373e+25 5.592401861055431e+17 5.452646640780893e+31 
1.00934e+08 1.81239e+25 5.852242659609539e+17 6.077636388383327e+31 
1.12506e+08 2.09938e+25 6.121269779838749e+17 6.774262418803298e+31 
1.25405e+08 2.43493e+25 6.403429918360849e+17 7.550742085734683e+31 
1.39782e+08 2.83355e+25 6.704136709801937e+17 8.416237276926936e+31 
1.55808e+08 3.29903e+25 7.019200057434258e+17 9.380936016889531e+31 
1.73672e+08 3.83845e+25 7.346774775844463e+17 1.045620337626350e+32 
1.93584e+08 4.45953e+25 7.685164223255418e+17 1.165471042551245e+32 
2.15779e+08 5.16818e+25 8.031580049427711e+17 1.299058299240541e+32 
2.40519e+08 5.96651e+25 8.381739571968140e+17 1.447957212048832e+32 
2.68096e+08 6.84841e+25 8.728889934621254e+17 1.613924584859140e+32 
2.98834e+08 7.77299e+25 9.055349840485243e+17 1.798915085803661e+32 
3.33098e+08 8.81717e+25 9.385888765776015e+17 2.005110340513597e+32 
3.71291e+08 1.01168e+26 9.754809575018307e+17 2.234941935910701e+32 
4.13863e+08 1.17094e+26 1.016042900840735e+18 2.491116326817402e+32 
4.61317e+08 1.36290e+26 1.059913126082052e+18 2.776653055474896e+32 
5.14213e+08 1.58663e+26 1.105798778140674e+18 3.094919919994741e+32 
5.73175e+08 1.83914e+26 1.152263054137807e+18 3.449670024928955e+32 
6.38899e+08 2.12911e+26 1.200126518816287e+18 3.845079270520094e+32 
7.12160e+08 2.46280e+26 1.249537850574051e+18 4.285808240181061e+32 
7.93823e+08 2.84877e+26 1.300807745719850e+18 4.777054654525255e+32 
8.84852e+08 3.29786e+26 1.354324982004135e+18 5.324613590764101e+32 
9.86321e+08 3.81519e+26 1.409632340352500e+18 5.934931318799985e+32 
1.09943e+09 4.41707e+26 1.467359863757062e+18 6.615206492655691e+32 
1.22551e+09 5.10273e+26 1.526406989451916e+18 7.373455244341969e+32 
1.36605e+09 5.77987e+26 1.578739638935890e+18 8.218611821180091e+32 
1.52270e+09 6.46970e+26 1.626521359736553e+18 9.160646084831479e+32 
1.69733e+09 7.33165e+26 1.680025046241984e+18 1.021068049879700e+33 
1.89198e+09 8.43011e+26 1.741192664411866e+18 1.138106681669199e+33 
2.10896e+09 9.78854e+26 1.809075443659741e+18 1.268558780437441e+33 
2.35083e+09 1.14076e+27 1.881690992526766e+18 1.413962551171431e+33 
2.62044e+09 1.32145e+27 1.954423196281356e+18 1.576035375529095e+33 
2.92099e+09 1.51907e+27 2.025786129794634e+18 1.756684722619560e+33 
3.25600e+09 1.73791e+27 2.096670458542083e+18 1.958037325635140e+33 
3.62944e+09 1.98348e+27 2.168012127309235e+18 2.182467961312463e+33 
4.04572e+09 2.26848e+27 2.242266727549489e+18 2.432627076412972e+33 
4.50978e+09 2.61173e+27 2.322487000795155e+18 2.711467947502532e+33 
5.02706e+09 3.01659e+27 2.407377563627158e+18 3.022265338706478e+33 
5.60368e+09 3.49157e+27 2.496724922038289e+18 3.368680814274828e+33 
6.24646e+09 4.04438e+27 2.590020036002853e+18 3.754801037970109e+33 
6.96300e+09 4.67939e+27 2.686161816194526e+18 4.185186488572492e+33 
7.76175e+09 5.40879e+27 2.785223028983257e+18 4.664900080931111e+33 
8.65216e+09 6.25899e+27 2.888798758616358e+18 5.199602821379629e+33 
9.64475e+09 7.24167e+27 2.996232278964604e+18 5.795590928220768e+33 
1.07512e+10 8.29840e+27 3.099929124124126e+18 6.459891151867246e+33 
1.19847e+10 9.37905e+27 3.195015185129998e+18 7.200326943468405e+33 
1.33597e+10 1.06445e+28 3.294804485711485e+18 8.025646210475354e+33 
1.48924e+10 1.22802e+28 3.410479136154846e+18 8.945567962079619e+33 
1.66011e+10 1.42384e+28 3.534788478953657e+18 9.970926859765313e+33 
1.85059e+10 1.64593e+28 3.661282567572476e+18 1.111381850755143e+34 
2.06294e+10 1.90236e+28 3.792279676535879e+18 1.238770614731665e+34 
2.29966e+10 2.20196e+28 3.929582948407197e+18 1.380761631023044e+34 
2.56355e+10 2.53960e+28 4.068486291366767e+18 1.539026947145259e+34 
2.85773e+10 2.88146e+28 4.194663756455905e+18 1.715431150118735e+34 
3.18568e+10 3.24622e+28 4.315319640480340e+18 1.912055895357275e+34 
3.55128e+10 3.71504e+28 4.454300929026080e+18 2.131223665235931e+34 
3.95884e+10 4.30474e+28 4.611189204549204e+18 2.375508221038260e+34 
4.41320e+10 4.98536e+28 4.773696099043003e+18 2.647795090596958e+34 
4.91973e+10 5.76474e+28 4.940702401152286e+18 2.951289893036538e+34 
5.48442e+10 6.57383e+28 5.096308262615169e+18 3.289568060584732e+34 
6.11393e+10 7.38976e+28 5.236964551471920e+18 3.666615169007308e+34 
6.81573e+10 8.38290e+28 5.390370503374669e+18 4.086894627295156e+34 
7.59811e+10 9.68415e+28 5.570640697030991e+18 4.555345502970779e+34 
8.47036e+10 1.12325e+29 5.763114514201208e+18 5.077489410542287e+34 
9.44279e+10 1.31872e+29 5.981668569514396e+18 5.659477002536813e+34 
1.05269e+11 1.47060e+29 6.134279245654988e+18 6.308162371033956e+34 
1.17355e+11 1.58579e+29 6.237733187063693e+18 7.031231148350637e+34 
1.30828e+11 1.82185e+29 6.426659005233751e+18 7.837203832011732e+34 
1.45850e+11 2.11010e+29 6.634779678526865e+18 8.735548604970622e+34 
1.62596e+11 2.44063e+29 6.848888602255316e+18 9.736834086728527e+34 
1.81267e+11 2.82622e+29 7.073242708336866e+18 1.085288676973013e+35 
2.02082e+11 3.17178e+29 7.253533659357055e+18 1.209683184558920e+35 
2.25288e+11 3.55346e+29 7.431943395219518e+18 1.348341709069874e+35 
2.51160e+11 4.03279e+29 7.632799197805912e+18 1.502898905028887e+35 
2.80005e+11 4.61450e+29 7.851453919953208e+18 1.675174111967229e+35 
3.12164e+11 5.34458e+29 8.097689058392269e+18 1.867186226819381e+35 
3.48017e+11 6.14001e+29 8.338609302703461e+18 2.081203628210052e+35 
3.87989e+11 6.92818e+29 8.552666789871775e+18 2.319747398481175e+35 
4.32560e+11 7.81057e+29 8.767486316359200e+18 2.585669043708270e+35 
4.82258e+11 8.83110e+29 8.990316881663985e+18 2.882115082311289e+35 
5.37673e+11 9.97975e+29 9.215303223823545e+18 3.212573647885220e+35 
5.99460e+11 1.12674e+30 9.441520560932352e+18 3.580942460351421e+35 
6.68352e+11 1.27031e+30 9.667766265152633e+18 3.991561322863905e+35 
7.45161e+11 1.42929e+30 9.892477774213145e+18 4.449260446562824e+35 
8.30795e+11 1.60376e+30 1.011367564831178e+19 4.959413427889111e+35 
9.26259e+11 1.79301e+30 1.032891334023048e+19 5.527995373594843e+35 
1.03267e+12 1.99524e+30 1.053523948344656e+19 6.161646767301145e+35 
1.15128e+12 2.20712e+30 1.072918777220993e+19 6.867743945434792e+35 
1.28346e+12 2.42340e+30 1.090681955334389e+19 7.654477568127638e+35 
1.43074e+12 2.63644e+30 1.106384990504041e+19 8.530941482270816e+35 
1.59483e+12 2.83600e+30 1.119590727834900e+19 9.507236092863803e+35 
1.77760e+12 3.00944e+30 1.129900841635115e+19 1.059459326639043e+36 
1.98117e+12 3.14283e+30 1.137037628845095e+19 1.180553465956934e+36 
2.20789e+12 3.22390e+30 1.141005714589282e+19 1.315407958514276e+36 
2.46041e+12 3.24834e+30 1.141831115815023e+19 1.465611913695320e+36 
2.74177e+12 3.23192e+30 1.141337205869355e+19 1.632963667133055e+36 
3.05550e+12 3.23279e+30 1.141363403905071e+19 1.819575179677050e+36 
3.40582e+12 3.38778e+30 1.142396873199461e+19 2.028028207670229e+36 
3.79671e+12 3.72613e+30 1.151671267749547e+19 2.260516534537299e+36 
4.23239e+12 4.20309e+30 1.163797363264600e+19 2.519611033714183e+36 
4.71805e+12 4.80164e+30 1.176986867684406e+19 2.808395632807434e+36 
5.25949e+12 5.43802e+30 1.189725263090477e+19 3.130301148163165e+36 
5.86309e+12 6.14765e+30 1.202565436054614e+19 3.489100927325108e+36 
6.53595e+12 6.96507e+30 1.215594176178502e+19 3.889031926155000e+36 
7.28607e+12 7.90124e+30 1.229212337579957e+19 4.334800048154105e+36 
8.12227e+12 8.97781e+30 1.243027888264901e+19 4.831664517627846e+36 
9.05449e+12 1.02038e+31 1.257378828132120e+19 5.385479181102575e+36 
1.00937e+13 1.16032e+31 1.272064144283158e+19 6.002772746253621e+36 
1.12523e+13 1.32068e+31 1.287151381237090e+19 6.690812729352389e+36 
1.25438e+13 1.50529e+31 1.302622337849065e+19 7.457735002479352e+36 
1.39837e+13 1.71450e+31 1.318338344004876e+19 8.312566321842269e+36 
1.55889e+13 1.94842e+31 1.334322807647247e+19 9.265351695490102e+36 
1.73783e+13 2.21576e+31 1.350302710764287e+19 1.032740479929262e+37 
1.93733e+13 2.51772e+31 1.366699253503080e+19 1.151115852337697e+37 
2.15973e+13 2.85984e+31 1.383604150289167e+19 1.283056452995158e+37 
2.40768e+13 3.24062e+31 1.400336941366105e+19 1.430122651205081e+37 
2.68409e+13 3.66710e+31 1.416888269442899e+19 1.594051037538784e+37 
2.99225e+13 4.13981e+31 1.433568511077934e+19 1.776765547976805e+37 
3.33579e+13 4.66168e+31 1.449942365245005e+19 1.980426973142372e+37 
3.71878e+13 5.23389e+31 1.466435255249085e+19 2.207422191094531e+37 
4.14574e+13 5.84961e+31 1.481941801493725e+19 2.460448508646489e+37 
4.62173e+13 6.51017e+31 1.496952808386314e+19 2.742476043653199e+37 
5.15236e+13 7.20936e+31 1.511215864398754e+19 3.056829409695715e+37 
5.74390e+13 7.89435e+31 1.523803943450183e+19 3.407210769727937e+37 
6.40333e+13 8.65940e+31 1.536368674494147e+19 3.797753432760882e+37 
7.13845e+13 9.43587e+31 1.548031599503756e+19 4.233050968346650e+37 
7.95793e+13 1.02051e+32 1.557987019250759e+19 4.718267832534624e+37 
8.87143e+13 1.09668e+32 1.567071292957606e+19 5.259086143879912e+37 
9.88973e+13 1.16542e+32 1.574381449594324e+19 5.861891160914635e+37 
1.10249e+14 1.26992e+32 1.584394025178204e+19 6.533792022151813e+37 
1.22903e+14 1.47313e+32 1.601632426649444e+19 7.282713616424236e+37 
1.37011e+14 1.88998e+32 1.633533989417939e+19 8.117481910898773e+37 
1.52747e+14 3.07327e+32 1.714344088757626e+19 9.047958721417918e+37 
1.70307e+14 5.31286e+32 1.852056208104629e+19 1.008507447722048e+38 
1.89917e+14 9.01358e+32 2.056401416136526e+19 1.124101603363162e+38 
2.11834e+14 1.49006e+33 2.346446786535544e+19 1.252955793358633e+38 
2.36358e+14 2.39810e+33 2.747259856587957e+19 1.396569687619517e+38 
2.63836e+14 3.76267e+33 3.284880230313683e+19 1.556644886684931e+38 
2.94675e+14 5.76723e+33 3.988419548993769e+19 1.735072269162244e+38 
3.29356e+14 8.65251e+33 4.889092946146125e+19 1.933950168256069e+38 
3.68452e+14 1.27296e+34 6.018471511279379e+19 2.155619306430896e+38 
4.12644e+14 1.83963e+34 7.407011585625788e+19 2.402704120986448e+38 
4.62748e+14 2.61585e+34 9.084963385167759e+19 2.678105781694139e+38 
5.19750e+14 3.66596e+34 1.108043409478095e+20 2.985077298390159e+38 
5.84838e+14 5.07175e+34 1.342032494892068e+20 3.327228642099744e+38 
6.59454e+14 6.93695e+34 1.612833547485909e+20 3.708611238498292e+38 
7.45356e+14 9.39215e+34 1.922699072603885e+20 4.133615575763158e+38 
8.44543e+14 1.22533e+35 2.235749739868116e+20 4.607572838335783e+38 
9.59012e+14 1.56420e+35 2.556706800917258e+20 5.135673489079325e+38 
1.09150e+15 2.00098e+35 2.913941940219172e+20 5.724331836316949e+38 
1.24556e+15 2.57640e+35 3.318901520965445e+20 6.380253427899082e+38 
1.42533e+15 3.23369e+35 3.715836730277870e+20 7.112203876819893e+38 
1.63478e+15 4.05027e+35 4.138287084424692e+20 7.927168890514347e+38 
1.88039e+15 5.15338e+35 4.624829208470976e+20 8.835835923597041e+38 
2.17028e+15 6.59495e+35 5.163817139904498e+20 9.848591645049862e+38 
