301
1.32800e+01 3.06673e+14 9.999999999999999e-01 8.000000688414875e+24 
1.45744e+01 3.53710e+14 3.378135909741051e+12 8.779750856638481e+24 
1.59949e+01 4.08624e+14 6.971747366655062e+12 9.635502309489400e+24 
1.75539e+01 4.72791e+14 1.079791362665547e+13 1.057466279827509e+25 
1.92649e+01 5.47824e+14 1.487463497545207e+13 1.160536209867656e+25 
2.11426e+01 6.35613e+14 1.922078896086523e+13 1.273652238557085e+25 
2.32034e+01 7.38368e+14 2.385606082640688e+13 1.397793546719963e+25 
2.54650e+01 8.58669e+14 2.880084306275266e+13 1.534034754725436e+25 
2.79470e+01 9.99519e+14 3.407609849269107e+13 1.683555224861514e+25 
3.06710e+01 1.16441e+15 3.970318094967600e+13 1.847649270399521e+25 
3.36604e+01 1.35737e+15 4.570360746983388e+13 2.027737359722891e+25 
3.69413e+01 1.58307e+15 5.209877612359592e+13 2.225378412508052e+25 
4.05419e+01 1.84688e+15 5.890962434823911e+13 2.442283294397944e+25 
4.44935e+01 2.15491e+15 6.615622415515259e+13 2.680329626983754e+25 
4.88302e+01 2.51416e+15 7.385731321070300e+13 2.941578041296000e+25 
5.35896e+01 2.93256e+15 8.202976497318742e+13 3.228290015501569e+25 
5.88129e+01 3.41903e+15 9.068800739710116e+13 3.542947451217364e+25 
6.45454e+01 3.98356e+15 9.984340895188916e+13 3.888274157900824e+25 
7.08365e+01 4.63727e+15 1.095036638227943e+14 4.267259431294967e+25 
7.77409e+01 5.39243e+15 1.196722264010514e+14 4.683183930033268e+25 
8.53182e+01 6.26250e+15 1.303478700638197e+14 5.139648074403107e+25 
9.36340e+01 7.26216e+15 1.415244786570482e+14 5.640603213100650e+25 
1.02760e+02 8.40735e+15 1.531912232370829e+14 6.190385827772324e+25 
1.12776e+02 9.71533e+15 1.653333340196093e+14 6.793755071435207e+25 
1.23769e+02 1.12050e+16 1.779337477293859e+14 7.455933965732602e+25 
1.35832e+02 1.28972e+16 1.909766894377394e+14 8.182654613670254e+25 
1.49071e+02 1.48231e+16 2.045020562534234e+14 8.980207819970122e+25 
1.63601e+02 1.70355e+16 2.186581611111796e+14 9.855497548087352e+25 
1.79547e+02 1.96082e+16 2.336561967770207e+14 1.081610068359645e+26 
1.97048e+02 2.26400e+16 2.497591458652944e+14 1.187033262312703e+26 
2.16254e+02 2.62566e+16 2.672613666576343e+14 1.302731925592217e+26 
2.37332e+02 3.06080e+16 2.864477543553312e+14 1.429707596073396e+26 
2.60464e+02 3.58547e+16 3.075277878368748e+14 1.569059430147321e+26 
2.85851e+02 4.21416e+16 3.305455454068619e+14 1.721993717169038e+26 
3.13713e+02 4.95552e+16 3.552817880197291e+14 1.889834321150073e+26 
3.44290e+02 5.80773e+16 3.811972830281645e+14 2.074034140220549e+26 
3.77847e+02 6.75801e+16 4.075334761321605e+14 2.276187683557227e+26 
4.14676e+02 7.79892e+16 4.338186100241121e+14 2.498044875982054e+26 
4.55093e+02 8.96728e+16 4.606973141905499e+14 2.741526210178569e+26 
4.99451e+02 1.03040e+17 4.887157831357075e+14 3.008739366673803e+26 
5.48132e+02 1.18510e+17 5.182571926384213e+14 3.301997458389586e+26 
6.01557e+02 1.36648e+17 5.498152853446839e+14 3.623839055379410e+26 
6.60191e+02 1.58192e+17 5.839668379520854e+14 3.977050159821998e+26 
7.24539e+02 1.84044e+17 6.213063024484245e+14 4.364688322577626e+26 
7.95158e+02 2.15218e+17 6.623326456394780e+14 4.790109109822799e+26 
8.72662e+02 2.52702e+17 7.072846390236720e+14 5.256995148596048e+26 
9.57719e+02 2.97225e+17 7.559425008674709e+14 5.769388002543808e+26 
1.05107e+03 3.48952e+17 8.074638883676386e+14 6.331723154230414e+26 
1.15351e+03 4.07296e+17 8.604263102357545e+14 6.948868398892180e+26 
1.26594e+03 4.71401e+17 9.134532020827372e+14 7.626165987974823e+26 
1.38933e+03 5.42428e+17 9.669804115945812e+14 8.369478898639091e+26 
1.52475e+03 6.23330e+17 1.022527135946254e+15 9.185241582268103e+26 
1.67337e+03 7.16524e+17 1.080825009022840e+15 1.008051563737383e+27 
1.83647e+03 8.25242e+17 1.142788103750943e+15 1.106305095234887e+27 
2.01547e+03 9.53765e+17 1.209526975436685e+15 1.214135279324186e+27 
2.21191e+03 1.10747e+18 1.282247981696682e+15 1.332475542817739e+27 
2.42750e+03 1.29262e+18 1.362063723002674e+15 1.462350292501991e+27 
2.66411e+03 1.51572e+18 1.449699279468643e+15 1.604883781995859e+27 
2.92378e+03 1.78225e+18 1.545108983153726e+15 1.761309842314050e+27 
3.20875e+03 2.09487e+18 1.647093224474250e+15 1.932982560453357e+27 
3.52151e+03 2.45162e+18 1.753165305920592e+15 2.121387999243021e+27 
3.86475e+03 2.84679e+18 1.860238847893249e+15 2.328157062532067e+27 
4.24144e+03 3.28056e+18 1.967324060065709e+15 2.555079623720623e+27 
4.65485e+03 3.77092e+18 2.077611705721915e+15 2.804120031924730e+27 
5.10855e+03 4.33338e+18 2.192868763553093e+15 3.077434093128104e+27 
5.60647e+03 4.98629e+18 2.314765565830044e+15 3.377387737438005e+27 
6.15293e+03 5.75431e+18 2.445407020837397e+15 3.706577502848412e+27 
6.75265e+03 6.66914e+18 2.587186737559430e+15 4.067853011930615e+27 
7.41082e+03 7.76887e+18 2.742477752100336e+15 4.464341637825865e+27 
8.13315e+03 9.09510e+18 2.913120916916419e+15 4.899475572002792e+27 
8.92587e+03 1.06865e+19 3.099710099741235e+15 5.377021527017494e+27 
9.79587e+03 1.25683e+19 3.300782808443200e+15 5.901113331158333e+27 
1.07507e+04 1.47400e+19 3.512269888005074e+15 6.476287699964523e+27 
1.17985e+04 1.71713e+19 3.728058192955672e+15 7.107523505385380e+27 
1.29485e+04 1.98354e+19 3.943505014405478e+15 7.800284913061541e+27 
1.42106e+04 2.28117e+19 4.162790261480028e+15 8.560568792421143e+27 
1.55957e+04 2.62123e+19 4.391050198312153e+15 9.394956541094982e+27 
1.71158e+04 3.01409e+19 4.631313147860111e+15 1.031067100931881e+28 
1.87840e+04 3.47388e+19 4.887510680850088e+15 1.131563907183519e+28 
2.06149e+04 4.01910e+19 5.164302371551675e+15 1.241856024838238e+28 
2.26242e+04 4.67261e+19 5.466586784573315e+15 1.362898200486911e+28 
2.48294e+04 5.46045e+19 5.798631049147024e+15 1.495738238108124e+28 
2.72494e+04 6.40862e+19 6.162775097372801e+15 1.641526065303808e+28 
2.99054e+04 7.53739e+19 6.557822833955073e+15 1.801523681022856e+28 
3.28203e+04 8.85346e+19 6.977601827740580e+15 1.977116071693148e+28 
3.60192e+04 1.03442e+20 7.410948860310376e+15 2.169823194766841e+28 
3.95300e+04 1.19861e+20 7.845912762573464e+15 2.381313147015730e+28 
4.33830e+04 1.37980e+20 8.283214332568055e+15 2.613416661700582e+28 
4.76115e+04 1.58571e+20 8.735980194476135e+15 2.868142970632271e+28 
5.22521e+04 1.82252e+20 9.210388587883346e+15 3.147697112816279e+28 
5.73451e+04 2.09824e+20 9.713651588497596e+15 3.454499058931525e+28 
6.29344e+04 2.42356e+20 1.025465506442025e+16 3.791204665829399e+28 
6.90686e+04 2.81202e+20 1.084322624681930e+16 4.160728665449608e+28 
7.58007e+04 3.27957e+20 1.148870049662777e+16 4.566269887635165e+28 
8.31889e+04 3.84314e+20 1.219764751666680e+16 5.011338930760657e+28 
9.12973e+04 4.51761e+20 1.297082788170692e+16 5.499788515734348e+28 
1.00196e+05 5.31130e+20 1.379999559458930e+16 6.035846787052703e+28 
1.09962e+05 6.22120e+20 1.466634866531067e+16 6.624153866190226e+28 
1.20680e+05 7.23359e+20 1.554481518498377e+16 7.269802032390413e+28 
1.32443e+05 8.34445e+20 1.642307146460936e+16 7.978380032375629e+28 
1.45352e+05 9.59708e+20 1.732531365762060e+16 8.756021853041459e+28 
1.59519e+05 1.10328e+21 1.826746995316575e+16 9.609459255928186e+28 
1.75067e+05 1.26962e+21 1.926201549106922e+16 1.054608010398457e+29 
1.92131e+05 1.46472e+21 2.032485862054590e+16 1.157399243328252e+29 
2.10858e+05 1.69633e+21 2.147439556405497e+16 1.270209464220193e+29 
2.31410e+05 1.97384e+21 2.272936379236929e+16 1.394015248941103e+29 
2.53966e+05 2.30774e+21 2.410519289620918e+16 1.529888354249866e+29 
2.78720e+05 2.70819e+21 2.560878763439027e+16 1.679004978209031e+29 
3.05887e+05 3.18269e+21 2.723242384332805e+16 1.842655915313899e+29 
3.35701e+05 3.73319e+21 2.894913576155180e+16 2.022257699694808e+29 
3.68422e+05 4.35469e+21 3.071547166618182e+16 2.219364856061428e+29 
4.04332e+05 5.04161e+21 3.249437783286251e+16 2.435683429959245e+29 
4.43743e+05 5.81224e+21 3.431252721176611e+16 2.673086018172382e+29 
4.86994e+05 6.70080e+21 3.622240383166981e+16 2.933627874887507e+29 
5.34462e+05 7.73908e+21 3.825571922015917e+16 3.219564492234012e+29 
5.86556e+05 8.96705e+21 4.044673624011356e+16 3.533371234908151e+29 
6.43728e+05 1.04313e+22 4.282717630396712e+16 3.877764741047996e+29 
7.06473e+05 1.21798e+22 4.541741601188976e+16 4.255726372889229e+29 
7.75333e+05 1.42527e+22 4.821559268025158e+16 4.670527915866681e+29 
8.50906e+05 1.66692e+22 5.118840903409598e+16 5.125759767727326e+29 
9.33845e+05 1.94208e+22 5.427345624362032e+16 5.625361955696922e+29 
1.02487e+06 2.24959e+22 5.741490715422951e+16 6.173658526563826e+29 
1.12476e+06 2.59723e+22 6.065068209720662e+16 6.775395979181278e+29 
1.23439e+06 2.99699e+22 6.404072628569779e+16 7.435783801143448e+29 
1.35471e+06 3.45989e+22 6.761733952242182e+16 8.160538985031873e+29 
1.48676e+06 3.99935e+22 7.141519066964302e+16 8.955935859587278e+29 
1.63168e+06 4.63075e+22 7.546545822982062e+16 9.828860310354233e+29 
1.79072e+06 5.37000e+22 7.978642732945619e+16 1.078686917655488e+30 
1.96527e+06 6.23097e+22 8.437214372537008e+16 1.183825532193401e+30 
2.15683e+06 7.22226e+22 8.918358873308579e+16 1.299211901351079e+30 
2.36706e+06 8.34594e+22 9.415370217908216e+16 1.425844655113582e+30 
2.59778e+06 9.60580e+22 9.923125078092138e+16 1.564819776914976e+30 
2.85099e+06 1.10336e+23 1.044741948041409e+17 1.717340402832928e+30 
3.12889e+06 1.26740e+23 1.099621111191699e+17 1.884726980785757e+30 
3.43387e+06 1.45753e+23 1.157575810038968e+17 2.068428587418198e+30 
3.76858e+06 1.67955e+23 1.219237638049441e+17 2.270035561564049e+30 
4.13592e+06 1.93976e+23 1.285086548470930e+17 2.491293242070170e+30 
4.53907e+06 2.24391e+23 1.355222582448736e+17 2.734117018652571e+30 
4.98151e+06 2.59546e+23 1.429099888439251e+17 3.000608825803978e+30 
5.46709e+06 2.99352e+23 1.505332750801876e+17 3.293075251423541e+30 
5.99999e+06 3.43188e+23 1.581844600150976e+17 3.614047523464953e+30 
6.58484e+06 3.90413e+23 1.656953893453895e+17 3.966303833183174e+30 
7.22671e+06 4.41416e+23 1.730866147705637e+17 4.352894435770359e+30 
7.93114e+06 4.96678e+23 1.803828558518449e+17 4.777166531492330e+30 
8.70423e+06 5.58216e+23 1.877846231628898e+17 5.242791962139635e+30 
9.55269e+06 6.28243e+23 1.954577700977629e+17 5.753801800846531e+30 
1.04839e+07 7.11159e+23 2.037339958812413e+17 6.314619886278547e+30 
1.15058e+07 8.12135e+23 2.129162084247564e+17 6.930100918967402e+30 
1.26273e+07 9.35822e+23 2.231649543388882e+17 7.605572338116132e+30 
1.38582e+07 1.08461e+24 2.344004345965048e+17 8.346880287403247e+30 
1.52091e+07 1.25740e+24 2.462931036618362e+17 9.160440303922680e+30 
1.66917e+07 1.45270e+24 2.585419405197758e+17 1.005329356013397e+31 
1.83187e+07 1.67611e+24 2.713087096120332e+17 1.103316944903126e+31 
2.01044e+07 1.92862e+24 2.844585774872776e+17 1.210855246953989e+31 
2.20642e+07 2.20853e+24 2.977418249647224e+17 1.328875457224167e+31 
2.42150e+07 2.51530e+24 3.110072866157105e+17 1.458399461420007e+31 
2.65755e+07 2.85258e+24 3.242953114011620e+17 1.600548476661790e+31 
2.91661e+07 3.23119e+24 3.378841086015950e+17 1.756552540488716e+31 
3.20093e+07 3.66766e+24 3.521568901056720e+17 1.927761240458467e+31 
3.51296e+07 4.16916e+24 3.670999408104676e+17 2.115656496778332e+31 
3.85541e+07 4.73944e+24 3.825834306344953e+17 2.321865665068002e+31 
4.23125e+07 5.39385e+24 3.987718530622647e+17 2.548174534080112e+31 
4.64372e+07 6.14884e+24 4.157892229225078e+17 2.796542768126140e+31 
5.09642e+07 7.01824e+24 4.336453757208840e+17 3.069120453029496e+31 
5.59324e+07 8.00883e+24 4.521851188585112e+17 3.368266197370167e+31 
6.13850e+07 9.11897e+24 4.711185736799299e+17 3.696567437346462e+31 
6.73692e+07 1.03523e+25 4.902836680559816e+17 4.056864495544221e+31 
7.39367e+07 1.17423e+25 5.099637793788161e+17 4.452278081053293e+31 
8.11445e+07 1.33276e+25 5.304129991414334e+17 4.886233253056664e+31 
8.90551e+07 1.51492e+25 5.518217943803272e+17 5.362488551802767e+31 
9.77370e+07 1.72466e+25 5.742833061400041e+17 5.885167851797602e+31 
1.07265e+08 1.96485e+25 5.977213322559035e+17 6.458794687630355e+31 
1.17723e+08 2.23643e+25 6.218710924617242e+17 7.088330366284992e+31 
1.29200e+08 2.53968e+25 6.464418715387922e+17 7.779218675259880e+31 
1.41795e+08 2.88060e+25 6.716086638074147e+17 8.537441521816050e+31 
1.55619e+08 3.27001e+25 6.977992912385027e+17 9.369567930664860e+31 
1.70791e+08 3.71864e+25 7.252907372656772e+17 1.028280496295806e+32 
1.87442e+08 4.23614e+25 7.541860485644317e+17 1.128506092884686e+32 
2.05717e+08 4.82744e+25 7.842725433693704e+17 1.238501158029946e+32 
2.25774e+08 5.48845e+25 8.149240470002812e+17 1.359217289752128e+32 
2.47786e+08 6.20518e+25 8.452128329434511e+17 1.491698426366298e+32 
2.71944e+08 6.96707e+25 8.745531148781516e+17 1.637091098493095e+32 
2.98458e+08 7.76871e+25 9.026782402806239e+17 1.796655533250764e+32 
3.27557e+08 8.64312e+25 9.306217689786170e+17 1.971773063945665e+32 
3.59494e+08 9.65086e+25 9.599540543514605e+17 2.163959341279020e+32 
3.94544e+08 1.08672e+26 9.922029042676527e+17 2.374878854487472e+32 
4.33013e+08 1.23662e+26 1.028415127282045e+18 2.606357405243531e+32 
4.75233e+08 1.41539e+26 1.067779626702863e+18 2.860397605296333e+32 
5.21570e+08 1.61745e+26 1.108327683584907e+18 3.139196919267950e+32 
5.72425e+08 1.84401e+26 1.149758167128874e+18 3.445169031223433e+32 
6.28240e+08 2.09460e+26 1.191513237574591e+18 3.780964103620269e+32 
6.89498e+08 2.36884e+26 1.233149383375980e+18 4.149489925974135e+32 
7.56729e+08 2.67501e+26 1.275492759258616e+18 4.553936288900176e+32 
8.30518e+08 3.02774e+26 1.319937600526546e+18 4.997802623466211e+32 
9.11502e+08 3.43053e+26 1.366183017635470e+18 5.484931922927944e+32 
1.00038e+09 3.88727e+26 1.413962447768333e+18 6.019541876729878e+32 
1.09794e+09 4.40837e+26 1.463633121144966e+18 6.606259324238432e+32 
1.20500e+09 4.99375e+26 1.514490933938323e+18 7.250162956578857e+32 
1.32251e+09 5.60381e+26 1.562813333759000e+18 7.956824321611391e+32 
1.45147e+09 6.19453e+26 1.605442315889736e+18 8.732362840651135e+32 
1.59302e+09 6.80485e+26 1.645549350894292e+18 9.583497063459246e+32 
1.74837e+09 7.49947e+26 1.687109664139936e+18 1.051759890592165e+33 
1.91887e+09 8.39154e+26 1.735706579977122e+18 1.154275761208916e+33 
2.10600e+09 9.58188e+26 1.794789155134458e+18 1.266784210298068e+33 
2.31138e+09 1.10471e+27 1.861109040375468e+18 1.390257515800340e+33 
2.53680e+09 1.26575e+27 1.927552412297487e+18 1.525762890404127e+33 
2.78420e+09 1.44172e+27 1.993714007478413e+18 1.674473739150090e+33 
3.05573e+09 1.62942e+27 2.058030238251302e+18 1.837679427403485e+33 
3.35375e+09 1.82331e+27 2.118557532455490e+18 2.016794571252556e+33 
3.68085e+09 2.02940e+27 2.177154711911642e+18 2.213369859452708e+33 
4.03985e+09 2.26695e+27 2.238669377433827e+18 2.429104560045378e+33 
4.43387e+09 2.54719e+27 2.304783451561605e+18 2.665865273331495e+33 
4.86632e+09 2.87389e+27 2.375008920367175e+18 2.925704139949115e+33 
5.34097e+09 3.25905e+27 2.450443875362989e+18 3.210871399663805e+33 
5.86193e+09 3.70615e+27 2.530238016488495e+18 3.523834141272091e+33 
6.43372e+09 4.20865e+27 2.611963228246761e+18 3.867298391354573e+33 
7.06129e+09 4.76823e+27 2.694880754169189e+18 4.244237993532938e+33 
7.75009e+09 5.39755e+27 2.779834408668220e+18 4.657919312534524e+33 
8.50611e+09 6.11571e+27 2.868157701489937e+18 5.111921048475362e+33 
9.33590e+09 6.93566e+27 2.960049219748677e+18 5.610174359336050e+33 
1.02466e+10 7.83026e+27 3.051431127454414e+18 6.156988190786628e+33 
1.12463e+10 8.75372e+27 3.137393411172997e+18 6.757094919159963e+33 
1.23434e+10 9.70358e+27 3.217913081449683e+18 7.415693765995219e+33 
1.35476e+10 1.08211e+28 3.304159204572472e+18 8.138492234793564e+33 
1.48693e+10 1.22255e+28 3.402892079146703e+18 8.931745776482440e+33 
1.63201e+10 1.39108e+28 3.510891248214058e+18 9.802313891827304e+33 
1.79123e+10 1.57765e+28 3.619862990352023e+18 1.075773038330363e+34 
1.96601e+10 1.78438e+28 3.729854476399188e+18 1.180627367595034e+34 
2.15784e+10 2.02049e+28 3.844291938839013e+18 1.295701722385587e+34 
2.36839e+10 2.29093e+28 3.963736058035602e+18 1.421992347203750e+34 
2.59950e+10 2.58460e+28 4.081964415776504e+18 1.560591223620449e+34 
2.85316e+10 2.88230e+28 4.191176844534755e+18 1.712697974262241e+34 
3.13158e+10 3.18806e+28 4.293309763950979e+18 1.879631026563244e+34 
3.43718e+10 3.55415e+28 4.404632827561539e+18 2.062837165429185e+34 
3.77261e+10 4.01991e+28 4.533652413207484e+18 2.263901030991322e+34 
4.14078e+10 4.57500e+28 4.673818652937225e+18 2.484560958967829e+34 
4.54491e+10 5.19180e+28 4.815764373239591e+18 2.726727847037763e+34 
4.98849e+10 5.86901e+28 4.957786833452218e+18 2.992498048252539e+34 
5.47538e+10 6.57436e+28 5.092610812766755e+18 3.284167403103055e+34 
6.00980e+10 7.26971e+28 5.213656393843500e+18 3.604263125181782e+34 
6.59639e+10 8.05127e+28 5.337512864353726e+18 3.955562918707423e+34 
7.24026e+10 9.02388e+28 5.477862026275999e+18 4.341109781758607e+34 
7.94701e+10 1.02516e+29 5.639261994995139e+18 4.764237464478150e+34 
8.72278e+10 1.17605e+29 5.820036254069550e+18 5.228603215803295e+34 
9.57434e+10 1.35016e+29 6.010774115466567e+18 5.738217849680668e+34 
1.05090e+11 1.47066e+29 6.131425268908354e+18 6.297494781230680e+34 
1.15350e+11 1.54134e+29 6.195537443919635e+18 6.911317536132752e+34 
1.26611e+11 1.71397e+29 6.336751148386594e+18 7.585011327800504e+34 
1.38972e+11 1.97783e+29 6.534973655450591e+18 8.324344810408400e+34 
1.52541e+11 2.24899e+29 6.720905036944004e+18 9.135709531815201e+34 
1.67435e+11 2.53841e+29 6.901616942868293e+18 1.002615245704757e+35 
1.83784e+11 2.87626e+29 7.093979627510970e+18 1.100338785378661e+35 
2.01729e+11 3.17433e+29 7.248649365823658e+18 1.207583966937163e+35 
2.21427e+11 3.46158e+29 7.384260598615670e+18 1.325284809343668e+35 
2.43050e+11 3.84734e+29 7.549942305218565e+18 1.454466824337337e+35 
2.66786e+11 4.33878e+29 7.742361424586903e+18 1.596242684593966e+35 
2.92840e+11 4.89715e+29 7.941616477715287e+18 1.751831663640768e+35 
3.21439e+11 5.55237e+29 8.154642078718039e+18 1.922579347349037e+35 
3.52833e+11 6.26921e+29 8.367132433797615e+18 2.109964633405469e+35 
3.87295e+11 6.96266e+29 8.554458248487821e+18 2.315620835413354e+35 
4.25123e+11 7.63950e+29 8.721070540517213e+18 2.541321117806156e+35 
4.66644e+11 8.26583e+29 8.861712840807836e+18 2.789012804923951e+35 
5.12217e+11 8.75474e+29 8.962334756771531e+18 3.060835757009358e+35 
5.62233e+11 8.99733e+29 9.002020582967337e+18 3.359160690447058e+35 
6.17120e+11 8.83746e+29 8.976904205947573e+18 3.686510110028881e+35 
6.77346e+11 8.05432e+29 8.815685831085807e+18 4.045917879594506e+35 
7.43420e+11 6.33916e+29 8.386828966586362e+18 4.441045928818581e+35 
8.15894e+11 3.26422e+29 7.292466244435751e+18 4.877476095845167e+35 
8.56728e+13 1.82111e+32 1.746789605783380e+19 5.073645558865310e+37 
9.40464e+13 2.50343e+32 1.822444692977518e+19 5.568167707392973e+37 
1.03245e+14 3.44389e+32 1.917373394470710e+19 6.110889822177613e+37 
1.13352e+14 4.73161e+32 2.035670662740663e+19 6.706510629386971e+37 
1.24460e+14 6.48388e+32 2.182088756307555e+19 7.360189924245526e+37 
1.36674e+14 8.85456e+32 2.362372387396646e+19 8.077574512302908e+37 
1.50107e+14 1.20449e+33 2.582954157729268e+19 8.864880530477049e+37 
1.64890e+14 1.63174e+33 2.851296804083039e+19 9.728934040391557e+37 
1.81168e+14 2.20141e+33 3.176273505406738e+19 1.067720408618579e+38 
1.99103e+14 2.95798e+33 3.568021894463055e+19 1.171789731591641e+38 
2.18882e+14 3.95930e+33 4.038252286560845e+19 1.286001831047012e+38 
2.40712e+14 5.28056e+33 4.600367776191126e+19 1.411346320493159e+38 
2.64835e+14 7.01959e+33 5.269722345290026e+19 1.548911170033771e+38 
2.91526e+14 9.30372e+33 6.064533564357136e+19 1.699881027703993e+38 
3.21103e+14 1.22989e+34 7.005115854561449e+19 1.865564835398415e+38 
3.53934e+14 1.62214e+34 8.114756160413801e+19 2.047398069254164e+38 
3.90452e+14 2.13532e+34 9.419798551624989e+19 2.246957278273637e+38 
4.31166e+14 2.80613e+34 1.094999665633213e+20 2.465964855564292e+38 
4.76681e+14 3.68218e+34 1.273748275726085e+20 2.706321122610281e+38 
5.27719e+14 4.82472e+34 1.481652775607637e+20 2.970104454371012e+38 
5.85146e+14 6.31183e+34 1.722161044083917e+20 3.259594797096909e+38 
6.50010e+14 8.24141e+34 1.998461367839401e+20 3.577301011351335e+38 
7.23577e+14 1.07340e+35 2.313159788385363e+20 3.925977865945522e+38 
8.07381e+14 1.39348e+35 2.667940534309044e+20 4.308637114628037e+38 
9.03278e+14 1.80152e+35 3.063224767346494e+20 4.728591654653231e+38 
1.01350e+15 2.31740e+35 3.498050708272866e+20 5.189488809276419e+38 
1.14074e+15 2.96401e+35 3.970265357029189e+20 5.695298847002380e+38 
1.28821e+15 3.76768e+35 4.476732019496847e+20 6.250410064287641e+38 
1.45974e+15 4.75887e+35 5.013819413686482e+20 6.859628143356089e+38 
1.65989e+15 5.97322e+35 5.577773115599106e+20 7.528234595702612e+38 
1.89409e+15 7.45280e+35 6.165054318556869e+20 8.262000333240617e+38 
2.16880e+15 9.24760e+35 6.772461114645162e+20 9.067280623401264e+38 
2.49169e+15 1.14174e+36 7.397218900241016e+20 9.951063178779548e+38 
