499
1.65854e+05 1.07907e+21 9.999999999999999e-01 9.991279908787066e+28 
1.73835e+05 1.16731e+21 5.195879140461885e+14 1.047206825336975e+29 
1.82200e+05 1.26265e+21 1.055162034793203e+15 1.097599253226532e+29 
1.90968e+05 1.36565e+21 1.607266281979922e+15 1.150416609198955e+29 
2.00158e+05 1.47693e+21 2.176308838713064e+15 1.205775583863288e+29 
2.09789e+05 1.59712e+21 2.762719439893400e+15 1.263798463426455e+29 
2.19885e+05 1.72694e+21 3.367032337045570e+15 1.324613468052124e+29 
2.30466e+05 1.86713e+21 3.989641527102625e+15 1.388354929490373e+29 
2.41556e+05 2.01853e+21 4.631146652418209e+15 1.455163682577928e+29 
2.53180e+05 2.18198e+21 5.291940096779909e+15 1.525187325013070e+29 
2.65364e+05 2.35845e+21 5.972635726114917e+15 1.598580559310709e+29 
2.78133e+05 2.54895e+21 6.673679604478049e+15 1.675505533503012e+29 
2.91517e+05 2.75457e+21 7.395656078818278e+15 1.756132199736257e+29 
3.05545e+05 2.97649e+21 8.139063234991596e+15 1.840638695029803e+29 
3.20249e+05 3.21599e+21 8.904526345050097e+15 1.929211706659813e+29 
3.35660e+05 3.47438e+21 9.692475506745808e+15 2.022046905470560e+29 
3.51812e+05 3.75319e+21 1.050364222783312e+16 2.119349424647852e+29 
3.68742e+05 4.05395e+21 1.133848952347621e+16 2.221334213678394e+29 
3.86486e+05 4.37839e+21 1.219772938358639e+16 2.328226599197392e+29 
4.05084e+05 4.72831e+21 1.308189178330585e+16 2.440262736601031e+29 
4.24577e+05 5.10570e+21 1.399167906081609e+16 2.557690135456359e+29 
4.45009e+05 5.51261e+21 1.492760685989104e+16 2.680768223573525e+29 
4.66423e+05 5.95131e+21 1.589034357692631e+16 2.809768962808496e+29 
4.88868e+05 6.42428e+21 1.688060674258717e+16 2.944977273262336e+29 
5.12393e+05 6.93407e+21 1.789896783548000e+16 3.086691954381058e+29 
5.37051e+05 7.48359e+21 1.894627464976448e+16 3.235226037712048e+29 
5.62894e+05 8.07573e+21 2.002301143485370e+16 3.390907713097223e+29 
5.89982e+05 8.71373e+21 2.112988828631746e+16 3.554080898979988e+29 
6.18372e+05 9.40119e+21 2.226779053543445e+16 3.725106132117993e+29 
6.48130e+05 1.01418e+22 2.343732309511395e+16 3.904361210518470e+29 
6.79319e+05 1.09394e+22 2.463915196412717e+16 4.092242210042007e+29 
7.12009e+05 1.17985e+22 2.587418239168752e+16 4.289164188593202e+29 
7.46272e+05 1.27236e+22 2.714297834523773e+16 4.495562213677770e+29 
7.82184e+05 1.37196e+22 2.844641927345485e+16 4.711892236513106e+29 
8.19824e+05 1.47920e+22 2.978526598079338e+16 4.938632284114874e+29 
8.59275e+05 1.59463e+22 3.116027847611974e+16 5.176283222084219e+29 
9.00625e+05 1.71887e+22 3.257219520351815e+16 5.425370120271113e+29 
9.43965e+05 1.85256e+22 3.402189710055932e+16 5.686443284674200e+29 
9.89390e+05 1.99643e+22 3.551020685169056e+16 5.960079479146554e+29 
1.03700e+06 2.15120e+22 3.703791724401466e+16 6.246883306620013e+29 
1.08690e+06 2.31770e+22 3.860580459473718e+16 6.547488350209518e+29 
1.13921e+06 2.49678e+22 4.021480473825059e+16 6.862558729485264e+29 
1.19403e+06 2.68937e+22 4.186577910062830e+16 7.192790515587505e+29 
1.25149e+06 2.89646e+22 4.355949846098013e+16 7.538913390252788e+29 
1.31171e+06 3.11911e+22 4.529686277277044e+16 7.901691962337445e+29 
1.37483e+06 3.35846e+22 4.707885633975742e+16 8.281927677240610e+29 
1.44099e+06 3.61573e+22 4.890627746760046e+16 8.680460698333167e+29 
1.51034e+06 3.89222e+22 5.078001766410113e+16 9.098171415810434e+29 
1.58302e+06 4.18932e+22 5.270100882882876e+16 9.535982670643710e+29 
1.65920e+06 4.50852e+22 5.467016958566925e+16 9.994861802439874e+29 
1.73904e+06 4.85143e+22 5.668842944289370e+16 1.047582262909365e+30 
1.82273e+06 5.21975e+22 5.875676032229666e+16 1.097992754756017e+30 
1.91044e+06 5.61531e+22 6.087603381384974e+16 1.150829041875342e+30 
2.00238e+06 6.04010e+22 6.304740932142866e+16 1.206207864365139e+30 
2.09874e+06 6.49614e+22 6.527151819696296e+16 1.264251546309049e+30 
2.19973e+06 6.98574e+22 6.754964755928563e+16 1.325088353192509e+30 
2.30559e+06 7.51125e+22 6.988264369672142e+16 1.388852660642429e+30 
2.41654e+06 8.07524e+22 7.227147866761786e+16 1.455685362273449e+30 
2.53283e+06 8.68044e+22 7.471718642602806e+16 1.525734105848136e+30 
2.65472e+06 9.32980e+22 7.722082159372368e+16 1.599153660503827e+30 
2.78247e+06 1.00264e+23 7.978340577662066e+16 1.676106212380945e+30 
2.91637e+06 1.07736e+23 8.240582760881880e+16 1.756761793736395e+30 
3.05672e+06 1.15750e+23 8.508929321642237e+16 1.841298569402086e+30 
3.20381e+06 1.24344e+23 8.783472494925206e+16 1.929903336059261e+30 
3.35799e+06 1.33558e+23 9.064323366792110e+16 2.022771823633474e+30 
3.51959e+06 1.43435e+23 9.351587645586274e+16 2.120109236298685e+30 
3.68896e+06 1.54024e+23 9.645379803308347e+16 2.222130586946513e+30 
3.86649e+06 1.65372e+23 9.945797537893931e+16 2.329061294057002e+30 
4.05255e+06 1.77534e+23 1.025295841977269e+17 2.441137598697239e+30 
4.24758e+06 1.90565e+23 1.056696251716722e+17 2.558607073631764e+30 
4.45198e+06 2.04525e+23 1.088793331767330e+17 2.681729307143377e+30 
4.66623e+06 2.19480e+23 1.121595992903149e+17 2.810776274251554e+30 
4.89078e+06 2.35498e+23 1.155118791438583e+17 2.946033077434567e+30 
5.12614e+06 2.52652e+23 1.189371026547272e+17 3.087798566772029e+30 
5.37283e+06 2.71021e+23 1.224364219599806e+17 3.236385896636976e+30 
5.63139e+06 2.90688e+23 1.260110480574226e+17 3.392123389052194e+30 
5.90239e+06 3.11743e+23 1.296621112450724e+17 3.555355066737484e+30 
6.18644e+06 3.34280e+23 1.333908726485467e+17 3.726441615431522e+30 
6.48415e+06 3.58401e+23 1.371984083903732e+17 3.905760958437484e+30 
6.79620e+06 3.84214e+23 1.410859756067486e+17 4.093709317445270e+30 
7.12326e+06 4.11835e+23 1.450548111859723e+17 4.290701866321714e+30 
7.46606e+06 4.41386e+23 1.491060809917121e+17 4.497173912746035e+30 
7.82535e+06 4.73000e+23 1.532410329560518e+17 4.713581514282669e+30 
8.20194e+06 5.06815e+23 1.574608956335050e+17 4.940402838156434e+30 
8.59665e+06 5.42982e+23 1.617669957401677e+17 5.178138971791063e+30 
9.01036e+06 5.81659e+23 1.661605849752294e+17 5.427315177773072e+30 
9.44398e+06 6.23017e+23 1.706428356235705e+17 5.688481921141323e+30 
9.89847e+06 6.67235e+23 1.752151869336596e+17 5.962216257168850e+30 
1.03748e+07 7.14508e+23 1.798788289726120e+17 6.249122834422101e+30 
1.08741e+07 7.65040e+23 1.846351961554815e+17 6.549835644411211e+30 
1.13974e+07 8.19050e+23 1.894854454666080e+17 6.865019021095632e+30 
1.19459e+07 8.76772e+23 1.944311034936544e+17 7.195369226712319e+30 
1.25208e+07 9.38456e+23 1.994734901566768e+17 7.541616172708696e+30 
1.31234e+07 1.00437e+24 2.046139017629433e+17 7.904524717961526e+30 
1.37549e+07 1.07478e+24 2.098538231783190e+17 8.284896798970730e+30 
1.44169e+07 1.15001e+24 2.151945963681357e+17 8.683572674453352e+30 
1.51107e+07 1.23037e+24 2.206377000315105e+17 9.101433125767558e+30 
1.58379e+07 1.31620e+24 2.261844648269665e+17 9.539401409879199e+30 
1.66001e+07 1.40787e+24 2.318365280036425e+17 9.998445064907188e+30 
1.73990e+07 1.50576e+24 2.375950558264496e+17 1.047957822161106e+31 
1.82364e+07 1.61030e+24 2.434619341682999e+17 1.098386399271846e+31 
1.91140e+07 1.72190e+24 2.494383347394396e+17 1.151241630512045e+31 
2.00339e+07 1.84106e+24 2.555258254912428e+17 1.206640303767558e+31 
2.09980e+07 1.96827e+24 2.617263002411886e+17 1.264704795115992e+31 
2.20086e+07 2.10404e+24 2.680405934923545e+17 1.325563411484100e+31 
2.30678e+07 2.24898e+24 2.744711974715941e+17 1.389350576409649e+31 
2.41779e+07 2.40367e+24 2.810195414299946e+17 1.456207236782640e+31 
2.53415e+07 2.56874e+24 2.876863961560260e+17 1.526281104883592e+31 
2.65611e+07 2.74486e+24 2.944730874084629e+17 1.599726971083818e+31 
2.78394e+07 2.93283e+24 3.013838464626371e+17 1.676707114895442e+31 
2.91792e+07 3.13336e+24 3.084174896501699e+17 1.757391613396473e+31 
3.05835e+07 3.34731e+24 3.155774842344364e+17 1.841958698951633e+31 
3.20554e+07 3.57552e+24 3.228637919712694e+17 1.930595225345291e+31 
3.35981e+07 3.81900e+24 3.302808608834515e+17 2.023497013415549e+31 
3.52151e+07 4.07867e+24 3.378278517599455e+17 2.120869307595236e+31 
3.69099e+07 4.35563e+24 3.455077776819591e+17 2.222927238085656e+31 
3.86863e+07 4.65102e+24 3.533227544475874e+17 2.329896270306288e+31 
4.05482e+07 4.96603e+24 3.612738699814024e+17 2.442012750061686e+31 
4.24997e+07 5.30192e+24 3.693626626924337e+17 2.559524373388490e+31 
4.45451e+07 5.66010e+24 3.775923934273321e+17 2.682690725635449e+31 
4.66889e+07 6.04197e+24 3.859632496032772e+17 2.811783974502490e+31 
4.89360e+07 6.44911e+24 3.944784051763405e+17 2.947089263181080e+31 
5.12912e+07 6.88316e+24 4.031394668593782e+17 3.088905551406368e+31 
5.37597e+07 7.34588e+24 4.119487209413752e+17 3.237546174597908e+31 
5.63471e+07 7.83912e+24 4.209076361218543e+17 3.393339484174010e+31 
5.90590e+07 8.36492e+24 4.300195302172380e+17 3.556629713063141e+31 
6.19014e+07 8.92528e+24 4.392843096378749e+17 3.727777553765408e+31 
6.48807e+07 9.52252e+24 4.487053328672503e+17 3.907161232366251e+31 
6.80033e+07 1.01590e+25 4.582845560435272e+17 4.095176955437388e+31 
7.12762e+07 1.08373e+25 4.680240606590083e+17 4.292240150032079e+31 
7.47067e+07 1.15601e+25 4.779263491098132e+17 4.498786177101125e+31 
7.83023e+07 1.23303e+25 4.879931487000615e+17 4.715271347403307e+31 
8.20709e+07 1.31510e+25 4.982276978515043e+17 4.942174010503011e+31 
8.60210e+07 1.40254e+25 5.086304880231800e+17 5.179995373602516e+31 
9.01612e+07 1.49570e+25 5.192055875569391e+17 5.429260894877531e+31 
9.45006e+07 1.59495e+25 5.299537830457642e+17 5.690521276136140e+31 
9.90490e+07 1.70069e+25 5.408792028968002e+17 5.964353716624355e+31 
1.03816e+08 1.81331e+25 5.519818510412076e+17 6.251363187367423e+31 
1.08813e+08 1.93330e+25 5.632668120022038e+17 6.552183799225328e+31 
1.14050e+08 2.06110e+25 5.747349854011800e+17 6.867480185689486e+31 
1.19539e+08 2.19722e+25 5.863890111818688e+17 7.197948811198206e+31 
1.25293e+08 2.34220e+25 5.982310875432536e+17 7.544319881019580e+31 
1.31324e+08 2.49662e+25 6.102648360195999e+17 7.907358615430583e+31 
1.37644e+08 2.66106e+25 6.224917879977577e+17 8.287867054862488e+31 
1.44269e+08 2.83619e+25 6.349148055578401e+17 8.686685828073075e+31 
1.51213e+08 3.02269e+25 6.475369766289884e+17 9.104696137373067e+31 
1.58491e+08 3.22129e+25 6.603608232238017e+17 9.542821409206485e+31 
1.66120e+08 3.43277e+25 6.733887785518780e+17 1.000202956136413e+32 
1.74116e+08 3.65795e+25 6.866239988867845e+17 1.048333531852948e+32 
1.82496e+08 3.89770e+25 7.000686327690770e+17 1.098780173870673e+32 
1.91280e+08 4.15295e+25 7.137251990041802e+17 1.151654363777293e+32 
2.00487e+08 4.42475e+25 7.275986582832247e+17 1.207072884329223e+32 
2.10137e+08 4.71410e+25 7.416902453584920e+17 1.265158197316810e+32 
2.20252e+08 5.02212e+25 7.560020976097732e+17 1.326038629053415e+32 
2.30853e+08 5.35007e+25 7.705399157701434e+17 1.389848675277178e+32 
2.41965e+08 5.69915e+25 7.853039609580686e+17 1.456729301181320e+32 
2.53612e+08 6.07074e+25 8.002981277869400e+17 1.526828283946553e+32 
2.65819e+08 6.46630e+25 8.155261610257308e+17 1.600300490017512e+32 
2.78614e+08 6.88732e+25 8.309905808549819e+17 1.677308226169911e+32 
2.92025e+08 7.33549e+25 8.466955447488681e+17 1.758021643406005e+32 
3.06082e+08 7.81244e+25 8.626419219698783e+17 1.842619054812956e+32 
3.20815e+08 8.32012e+25 8.788358121815401e+17 1.931287354131485e+32 
3.36257e+08 8.86043e+25 8.952789854598042e+17 2.024222454761755e+32 
3.52443e+08 9.43542e+25 9.119740918668123e+17 2.121629666751816e+32 
3.69408e+08 1.00474e+26 9.289255846550659e+17 2.223724186380618e+32 
3.87190e+08 1.06986e+26 9.461374576360397e+17 2.330731564692627e+32 
4.05828e+08 1.13915e+26 9.636105573738657e+17 2.442888233888642e+32 
4.25363e+08 1.21290e+26 9.813518019163319e+17 2.560441990470226e+32 
4.45838e+08 1.29137e+26 9.993622615106001e+17 2.683652495506373e+32 
4.67299e+08 1.37486e+26 1.017645765326162e+18 2.812792016756052e+32 
4.89794e+08 1.46371e+26 1.036207197926275e+18 2.948145810351773e+32 
5.13371e+08 1.55823e+26 1.055048247154728e+18 3.090012952139851e+32 
5.38084e+08 1.65881e+26 1.074175170528186e+18 3.238706858369396e+32 
5.63986e+08 1.76581e+26 1.093589068234683e+18 3.394556032426432e+32 
5.91135e+08 1.87965e+26 1.113295092565383e+18 3.557904779311740e+32 
6.19591e+08 2.00076e+26 1.133296614554144e+18 3.729113992772751e+32 
6.49418e+08 2.12960e+26 1.153598281455632e+18 3.908561979694497e+32 
6.80680e+08 2.26667e+26 1.174202957513977e+18 4.096645096036946e+32 
7.13447e+08 2.41248e+26 1.195115617646825e+18 4.293778950748609e+32 
7.47792e+08 2.56758e+26 1.216339276647239e+18 4.500399016073549e+32 
7.83791e+08 2.73256e+26 1.237878014353401e+18 4.716961815595824e+32 
8.21523e+08 2.90806e+26 1.259736505376729e+18 4.943945793966561e+32 
8.61071e+08 3.09473e+26 1.281918501497094e+18 5.181852427885278e+32 
9.02523e+08 3.29327e+26 1.304427922700553e+18 5.431207343289310e+32 
9.45972e+08 3.50443e+26 1.327268697413491e+18 5.692561360761159e+32 
9.91512e+08 3.72903e+26 1.350446712571895e+18 5.966492014137494e+32 
1.03925e+09 3.96790e+26 1.373964893241518e+18 6.253604376714552e+32 
1.08928e+09 4.22193e+26 1.397826832876384e+18 6.554532833373856e+32 
1.14172e+09 4.49210e+26 1.422039035263722e+18 6.869942219662053e+32 
1.19668e+09 4.77940e+26 1.446603621351291e+18 7.200529317198742e+32 
1.25429e+09 5.08493e+26 1.471527133002286e+18 7.547024566571583e+32 
1.31468e+09 5.40982e+26 1.496811772004681e+18 7.910193446208132e+32 
1.37797e+09 5.75530e+26 1.522464693867953e+18 8.290838281267943e+32 
1.44431e+09 6.12265e+26 1.548487984418858e+18 8.689800055623742e+32 
1.51385e+09 6.51327e+26 1.574887930410525e+18 9.107960213503302e+32 
1.58673e+09 6.92858e+26 1.601668108526968e+18 9.546242555466189e+32 
1.66312e+09 7.37018e+26 1.628834517698765e+18 1.000561539758822e+33 
1.74320e+09 7.83966e+26 1.656389893830730e+18 1.048709362237795e+33 
1.82712e+09 8.33884e+26 1.684342077026530e+18 1.099174103557818e+33 
1.91509e+09 8.86952e+26 1.712692711883054e+18 1.152067236205080e+33 
2.00730e+09 9.43369e+26 1.741448164196587e+18 1.207505634240088e+33 
2.10394e+09 1.00335e+27 1.770613452088498e+18 1.265611773229090e+33 
2.20524e+09 1.06710e+27 1.800193250487034e+18 1.326514023885841e+33 
2.31142e+09 1.13488e+27 1.830191813395775e+18 1.390346948510022e+33 
2.42271e+09 1.20692e+27 1.860616005094615e+18 1.457251547757686e+33 
2.53936e+09 1.28351e+27 1.891469414296886e+18 1.527375666801721e+33 
2.66162e+09 1.36490e+27 1.922756139162680e+18 1.600874200532330e+33 
2.78978e+09 1.45142e+27 1.954484674628717e+18 1.677909559513083e+33 
2.92411e+09 1.54338e+27 1.986657452289518e+18 1.758651908421661e+33 
3.06490e+09 1.64112e+27 2.019280808641692e+18 1.843279642949623e+33 
3.21248e+09 1.74499e+27 2.052359015441017e+18 1.931979749234768e+33 
3.36716e+09 1.85538e+27 2.085897664193671e+18 2.024948152237967e+33 
3.52929e+09 1.97269e+27 2.119902888980883e+18 2.122390276833202e+33 
3.69923e+09 2.09736e+27 2.154379650812830e+18 2.224521400944783e+33 
3.87736e+09 2.22984e+27 2.189333353543850e+18 2.331567155515703e+33 
4.06406e+09 2.37062e+27 2.224768727767787e+18 2.443764034160093e+33 
4.25976e+09 2.52020e+27 2.260691505285685e+18 2.561359921002879e+33 
4.46488e+09 2.67915e+27 2.297107932062623e+18 2.684614600454348e+33 
4.67989e+09 2.84803e+27 2.334023942152176e+18 2.813800429014894e+33 
4.90524e+09 3.02747e+27 2.371443058102941e+18 2.949202735457638e+33 
5.14145e+09 3.21811e+27 2.409372675162494e+18 3.091120760673720e+33 
5.38904e+09 3.42064e+27 2.447817235621419e+18 3.239867969503994e+33 
5.64856e+09 3.63581e+27 2.486782724439641e+18 3.395773004378274e+33 
5.92057e+09 3.86439e+27 2.526275221889051e+18 3.559180306388390e+33 
6.20569e+09 4.10721e+27 2.566300127115645e+18 3.730450911441781e+33 
6.50454e+09 4.36516e+27 2.606863539903990e+18 3.909963210098893e+33 
6.81778e+09 4.63915e+27 2.647970578761118e+18 4.098113786575587e+33 
7.14611e+09 4.93017e+27 2.689627506840045e+18 4.295318283818382e+33 
7.49026e+09 5.23929e+27 2.731839787895651e+18 4.502012463897585e+33 
7.85099e+09 5.56760e+27 2.774612966356507e+18 4.718652905039312e+33 
8.22909e+09 5.91629e+27 2.817953275285216e+18 4.945718265401987e+33 
8.62541e+09 6.28660e+27 2.861866311025249e+18 5.183710176750339e+33 
9.04082e+09 6.67987e+27 2.906358028948546e+18 5.433154469842179e+33 
9.47624e+09 7.09750e+27 2.951434251132620e+18 5.694602225572559e+33 
9.93263e+09 7.54099e+27 2.997101685982866e+18 5.968631039924254e+33 
1.04110e+10 8.01191e+27 3.043365320281894e+18 6.255846331522667e+33 
1.09124e+10 8.51194e+27 3.090230060885159e+18 6.556882664348003e+33 
1.14380e+10 9.04286e+27 3.137703533815782e+18 6.872405111978069e+33 
1.19889e+10 9.60655e+27 3.185791248158705e+18 7.203110795995825e+33 
1.25664e+10 1.02050e+28 3.234499067093759e+18 7.549730263704364e+33 
1.31716e+10 1.08404e+28 3.283831764461309e+18 7.913029318374676e+33 
1.38061e+10 1.15149e+28 3.333796396999480e+18 8.293810643216049e+33 
1.44711e+10 1.22309e+28 3.384398868285514e+18 8.692915404790823e+33 
1.51681e+10 1.29910e+28 3.435644582458513e+18 9.111225501378346e+33 
1.58987e+10 1.37977e+28 3.487539666792121e+18 9.549665005024511e+33 
1.66645e+10 1.46541e+28 3.540091503406860e+18 1.000920257662971e+34 
1.74673e+10 1.55629e+28 3.593300957209190e+18 1.049085323574182e+34 
1.83087e+10 1.65276e+28 3.647181391145098e+18 1.099568168082407e+34 
1.91906e+10 1.75512e+28 3.701730770592891e+18 1.152480259790023e+34 
2.01150e+10 1.86377e+28 3.756962330466979e+18 1.207938539922612e+34 
2.10840e+10 1.97905e+28 3.812875623306435e+18 1.266065508874211e+34 
2.20997e+10 2.10138e+28 3.869480184464328e+18 1.326989593157648e+34 
2.31643e+10 2.23118e+28 3.926780735021724e+18 1.390845388066809e+34 
2.42802e+10 2.36890e+28 3.984778441298570e+18 1.457773987124593e+34 
2.54499e+10 2.51503e+28 4.043492277284930e+18 1.527923244892095e+34 
2.66760e+10 2.67005e+28 4.102914773689102e+18 1.601448143047699e+34 
2.79611e+10 2.83450e+28 4.163053571732744e+18 1.678511107785618e+34 
2.93082e+10 3.00897e+28 4.223921459015618e+18 1.759282399671919e+34 
3.07202e+10 3.19402e+28 4.285513343503619e+18 1.843940481833537e+34 
3.22002e+10 3.39031e+28 4.347844271143734e+18 1.932672373887361e+34 
3.37516e+10 3.59850e+28 4.410912712972948e+18 2.025674124464989e+34 
3.53777e+10 3.81931e+28 4.474726058133199e+18 2.123151180975083e+34 
3.70822e+10 4.05348e+28 4.539292575938312e+18 2.225318917961493e+34 
3.88689e+10 4.30182e+28 4.604615408049372e+18 2.332403036289862e+34 
4.07417e+10 4.56515e+28 4.670698420543945e+18 2.444640151904370e+34 
4.27047e+10 4.84437e+28 4.737545613609518e+18 2.562278187961244e+34 
4.47624e+10 5.14042e+28 4.805162738838482e+18 2.685577076523847e+34 
4.69192e+10 5.45435e+28 4.873566816257891e+18 2.814809175724429e+34 
4.91800e+10 5.78712e+28 4.942742725811951e+18 2.950260060972184e+34 
5.15498e+10 6.13991e+28 5.012708130821410e+18 3.092228951257525e+34 
5.40338e+10 6.51384e+28 5.083453580956187e+18 3.241029464947556e+34 
5.66375e+10 6.91026e+28 5.155007526565252e+18 3.396990425965619e+34 
5.93668e+10 7.33043e+28 5.227358993582251e+18 3.560456291580210e+34 
6.22276e+10 7.77570e+28 5.300505644542647e+18 3.731788341486253e+34 
6.52263e+10 8.24763e+28 5.374468014603951e+18 3.911364975188477e+34 
6.83696e+10 8.74769e+28 5.449234145374516e+18 4.099582970700405e+34 
7.16644e+10 9.27762e+28 5.524822938524881e+18 4.296858196814897e+34 
7.51181e+10 9.83912e+28 5.601230680643189e+18 4.503626460864217e+34 
7.87383e+10 1.04340e+29 5.678458467779062e+18 4.720344571319601e+34 
8.25330e+10 1.10642e+29 5.756511849599220e+18 4.947491366318340e+34 
8.65106e+10 1.17319e+29 5.835394172195120e+18 5.185568584389603e+34 
9.06800e+10 1.24391e+29 5.915110310294881e+18 5.435102293617459e+34 
9.50505e+10 1.31882e+29 5.995666372959921e+18 5.696643791312826e+34 
9.96317e+10 1.39816e+29 6.077059013412461e+18 5.970770838422418e+34 
1.04434e+11 1.48218e+29 6.159289717007402e+18 6.258089125787326e+34 
1.09467e+11 1.57117e+29 6.242372973448968e+18 6.559233384874435e+34 
1.14744e+11 1.66539e+29 6.326298414831228e+18 6.874868960835531e+34 
1.20274e+11 1.76515e+29 6.411069965563317e+18 7.205693136116055e+34 
1.26072e+11 1.87078e+29 6.496694160877241e+18 7.552436891003298e+34 
1.32149e+11 1.98259e+29 6.583166056609127e+18 7.915866233930995e+34 
1.38519e+11 2.10096e+29 6.670494794537017e+18 8.296784014849421e+34 
1.45196e+11 2.22624e+29 6.758672483368731e+18 8.696031936717701e+34 
1.52195e+11 2.35885e+29 6.847714418448574e+18 9.114491912435409e+34 
1.59532e+11 2.49917e+29 6.937602776846491e+18 9.553088578130114e+34 
1.67223e+11 2.64767e+29 7.028352346148552e+18 1.001279091519317e+35 
1.75284e+11 2.80480e+29 7.119955342853805e+18 1.049461437682163e+35 
1.83734e+11 2.97104e+29 7.212412680667485e+18 1.099962372955117e+35 
1.92592e+11 3.14692e+29 7.305727530795433e+18 1.152893438606758e+35 
2.01877e+11 3.33296e+29 7.399895379240833e+18 1.208371591020218e+35 
2.11610e+11 3.52976e+29 7.494924891423716e+18 1.266519412102284e+35 
2.21812e+11 3.73789e+29 7.590799939865858e+18 1.327465324025129e+35 
2.32507e+11 3.95799e+29 7.687521611282858e+18 1.391344018550344e+35 
2.43717e+11 4.19073e+29 7.785096702649698e+18 1.458296610267120e+35 
2.55468e+11 4.43681e+29 7.883513878947610e+18 1.528471017933247e+35 
2.67786e+11 4.69695e+29 7.982769450219163e+18 1.602022264601837e+35 
2.80698e+11 4.97197e+29 8.082871213673113e+18 1.679112871961159e+35 
2.94232e+11 5.26264e+29 8.183800819529873e+18 1.759913102373527e+35 
3.08420e+11 5.56983e+29 8.285558832762929e+18 1.844601545585700e+35 
3.23292e+11 5.89448e+29 8.388153660945086e+18 1.933365262866169e+35 
3.38882e+11 6.23749e+29 8.491559405632286e+18 2.026400334812794e+35 
3.55223e+11 6.59990e+29 8.595786383764161e+18 2.123912339368556e+35 
3.72353e+11 6.98272e+29 8.700813468570243e+18 2.226116713922360e+35 
3.90310e+11 7.39316e+29 8.808406698585247e+18 2.333238734061602e+35 
4.09132e+11 7.66460e+29 8.876326431742157e+18 2.445516250989241e+35 
4.28861e+11 7.84553e+29 8.919460400727672e+18 2.563196398943166e+35 
4.49541e+11 8.01365e+29 8.957683875677928e+18 2.686539456384416e+35 
4.71217e+11 8.17755e+29 8.993231338703248e+18 2.815817890325371e+35 
4.93936e+11 8.34163e+29 9.027178308999195e+18 2.951317308276982e+35 
5.17750e+11 8.50837e+29 9.060089656308580e+18 3.093337065266235e+35 
5.42710e+11 8.67963e+29 9.092339282606663e+18 3.242190923305142e+35 
5.68873e+11 8.85683e+29 9.124171378955363e+18 3.398207748566749e+35 
5.96296e+11 9.04109e+29 9.155752471868280e+18 3.561732232828500e+35 
6.25039e+11 9.23355e+29 9.187223319278976e+18 3.733125634526496e+35 
6.55166e+11 9.43532e+29 9.218698722703235e+18 3.912766636720923e+35 
6.86744e+11 9.64736e+29 9.250256266531527e+18 4.101052097002239e+35 
7.19843e+11 9.87069e+29 9.281967351088749e+18 4.298398016422944e+35 
7.54536e+11 1.01065e+30 9.313907225191170e+18 4.505240366126792e+35 
7.90900e+11 1.03557e+30 9.346114508998076e+18 4.722036142242045e+35 
8.29014e+11 1.06195e+30 9.378644010383340e+18 4.949264306818003e+35 
8.68965e+11 1.08991e+30 9.411533016222884e+18 5.187426880530421e+35 
9.10839e+11 1.11958e+30 9.444835993631320e+18 5.437050005224186e+35 
9.54730e+11 1.15109e+30 9.478571563261397e+18 5.698685219253149e+35 
1.00074e+12 1.18456e+30 9.512769591378276e+18 5.972910504957462e+35 
1.04896e+12 1.22018e+30 9.547482128926083e+18 6.260331747178397e+35 
1.09950e+12 1.25808e+30 9.582724941773611e+18 6.561583930350155e+35 
1.15248e+12 1.29843e+30 9.618517859671771e+18 6.877332616045381e+35 
1.20800e+12 1.34143e+30 9.654906164805917e+18 7.208275368117157e+35 
1.26621e+12 1.38725e+30 9.691903906005449e+18 7.555143357979481e+35 
1.32721e+12 1.43609e+30 9.729531470148641e+18 7.918702906229707e+35 
1.39116e+12 1.48820e+30 9.767828999256867e+18 8.299757237842484e+35 
1.45818e+12 1.54378e+30 9.806800374428318e+18 8.699148204726699e+35 
1.52844e+12 1.60311e+30 9.846485900236694e+18 9.117758185726036e+35 
1.60207e+12 1.66643e+30 9.886895367528403e+18 9.556512028815041e+35 
1.67926e+12 1.73402e+30 9.928051926321125e+18 1.001637904434150e+36 
1.76016e+12 1.80621e+30 9.969985993647106e+18 1.049837527330192e+36 
1.84496e+12 1.88330e+30 1.001271029970182e+19 1.100356544773032e+36 
1.93384e+12 1.96563e+30 1.005624213658719e+19 1.153306588121259e+36 
2.02701e+12 2.05361e+30 1.010061871353509e+19 1.208804617296204e+36 
2.12466e+12 2.14757e+30 1.014583828327485e+19 1.266973268630991e+36 
2.22702e+12 2.24799e+30 1.019194141865687e+19 1.327941036889283e+36 
2.33431e+12 2.35526e+30 1.023892834768935e+19 1.391842628041765e+36 
2.44677e+12 2.46990e+30 1.028683850578670e+19 1.458819210246628e+36 
2.56464e+12 2.59241e+30 1.033568008971721e+19 1.529018748261893e+36 
2.68820e+12 2.72332e+30 1.038547418099694e+19 1.602596369676951e+36 
2.81771e+12 2.86322e+30 1.043624028011671e+19 1.679714583408146e+36 
2.95345e+12 3.01273e+30 1.048800006007065e+19 1.760543791019490e+36 
3.09574e+12 3.17253e+30 1.054077797109200e+19 1.845262586206628e+36 
3.24489e+12 3.34328e+30 1.059458174106174e+19 1.934058094462070e+36 
3.40122e+12 3.52576e+30 1.064943808410662e+19 2.027126501747738e+36 
3.56508e+12 3.72077e+30 1.070536681445683e+19 2.124673472814003e+36 
3.73684e+12 3.92918e+30 1.076238865631916e+19 2.226914452592675e+36 
3.91688e+12 4.15186e+30 1.082051544673262e+19 2.334075373744758e+36 
4.10559e+12 4.38984e+30 1.087978044319172e+19 2.446392937490600e+36 
4.30339e+12 4.64410e+30 1.094018904428329e+19 2.564115326530418e+36 
4.51073e+12 4.91581e+30 1.100177458998381e+19 2.687502610043369e+36 
4.72806e+12 5.20611e+30 1.106454900084752e+19 2.816827387919704e+36 
4.95587e+12 5.51629e+30 1.112853629809387e+19 2.952375394498674e+36 
5.19465e+12 5.84771e+30 1.119376509985913e+19 3.094446049859902e+36 
5.44494e+12 6.20178e+30 1.126024398179167e+19 3.243353283644633e+36 
5.70730e+12 6.58003e+30 1.132800042097297e+19 3.399426038334921e+36 
5.98230e+12 6.98416e+30 1.139706207175358e+19 3.563009142160980e+36 
6.27056e+12 7.41594e+30 1.146745499664531e+19 3.734464007909151e+36 
6.57272e+12 7.87716e+30 1.153919078125185e+19 3.914169397924606e+36 
6.88944e+12 8.36995e+30 1.161231269434846e+19 4.102522377001053e+36 
7.22142e+12 8.89638e+30 1.168683299026355e+19 4.299939028847963e+36 
7.56941e+12 9.45876e+30 1.176278002797338e+19 4.506855537059144e+36 
7.93418e+12 1.00597e+31 1.184019740654736e+19 4.723729031158197e+36 
8.31654e+12 1.07016e+31 1.191909708374146e+19 4.951038664663491e+36 
8.71733e+12 1.13875e+31 1.199952183500672e+19 5.189286633695238e+36 
9.13744e+12 1.21204e+31 1.208150962559757e+19 5.438999236780263e+36 
9.57781e+12 1.29036e+31 1.216508660937859e+19 5.700728235638371e+36 
1.00394e+13 1.37406e+31 1.225030132285186e+19 5.975051840660587e+36 
1.05233e+13 1.46351e+31 1.233718393129302e+19 6.262576140626744e+36 
1.10305e+13 1.55913e+31 1.242577875467146e+19 6.563936340887416e+36 
1.15621e+13 1.66135e+31 1.251614095321747e+19 6.879798171056604e+36 
1.21194e+13 1.77066e+31 1.260831303047565e+19 7.210859634444464e+36 
1.27036e+13 1.88755e+31 1.270235159176853e+19 7.557851964823804e+36 
1.33160e+13 2.01258e+31 1.279830776227125e+19 7.921541811994699e+36 
1.39578e+13 2.14635e+31 1.289624043610563e+19 8.302732760078974e+36 
1.46307e+13 2.28949e+31 1.299622154368286e+19 8.702266955369126e+36 
1.53360e+13 2.44270e+31 1.309830598601286e+19 9.121027021912023e+36 
1.60753e+13 2.60675e+31 1.320257808194918e+19 9.559938128929330e+36 
1.68503e+13 2.78243e+31 1.330910843967424e+19 1.001996994602437e+37 
1.76627e+13 2.97064e+31 1.341798356266708e+19 1.050213889146583e+37 
1.85143e+13 3.17234e+31 1.352929026977134e+19 1.100751030182459e+37 
1.94070e+13 3.38858e+31 1.364312971682177e+19 1.153720042777745e+37 
2.03427e+13 3.62046e+31 1.375958358397709e+19 1.209237994368177e+37 
2.13237e+13 3.86924e+31 1.387877137728743e+19 1.267427491067453e+37 
2.23519e+13 4.13624e+31 1.400080037989719e+19 1.328417115188800e+37 
2.34298e+13 4.42293e+31 1.412579037349382e+19 1.392341605787857e+37 
2.45597e+13 4.73088e+31 1.425387378565222e+19 1.459342206858663e+37 
2.57442e+13 5.06181e+31 1.438517232378466e+19 1.529566916153532e+37 
2.69858e+13 5.41762e+31 1.451984012831804e+19 1.603170909404813e+37 
2.82874e+13 5.80031e+31 1.465801409920709e+19 1.680316775334772e+37 
2.96518e+13 6.21210e+31 1.479984405139705e+19 1.761174955227842e+37 
3.10821e+13 6.65548e+31 1.494551728492957e+19 1.845924105576106e+37 
3.25815e+13 7.13304e+31 1.509519591868859e+19 1.934751461962551e+37 
3.41533e+13 7.64767e+31 1.524906109949199e+19 2.027853253553734e+37 
3.58010e+13 8.20252e+31 1.540730403913869e+19 2.125435169534711e+37 
3.75283e+13 8.80106e+31 1.557014283090320e+19 2.227712825714782e+37 
3.93391e+13 9.44701e+31 1.573778136393412e+19 2.334912169491180e+37 
4.12374e+13 1.01444e+32 1.591043395142156e+19 2.447270001539190e+37 
4.32274e+13 1.08979e+32 1.608836337821542e+19 2.565034580426023e+37 
4.53136e+13 1.17123e+32 1.627181920670652e+19 2.688466118839967e+37 
4.75006e+13 1.25931e+32 1.646106262434596e+19 2.817837257465784e+37 
4.97934e+13 1.35460e+32 1.665638804936379e+19 2.953433831238384e+37 
5.21970e+13 1.45778e+32 1.685811287171042e+19 3.095555459961403e+37 
5.47168e+13 1.56955e+32 1.706655299624824e+19 3.244516061198472e+37 
5.73586e+13 1.69071e+32 1.728207334222505e+19 3.400644778527506e+37 
6.01281e+13 1.82213e+32 1.750505958085023e+19 3.564286532457616e+37 
6.30317e+13 1.96477e+32 1.773591500624935e+19 3.735802860159944e+37 
6.60757e+13 2.11971e+32 1.797510376910503e+19 3.915572660715311e+37 
6.92671e+13 2.28814e+32 1.822311551975304e+19 4.103993130345977e+37 
7.26130e+13 2.47139e+32 1.848048186755108e+19 4.301480606307077e+37 
7.61210e+13 2.67094e+32 1.874779493275387e+19 4.508471266643551e+37 
7.97989e+13 2.88845e+32 1.902569695252503e+19 4.725422565580933e+37 
8.36549e+13 3.12577e+32 1.931490042220330e+19 4.952813667137205e+37 
8.76979e+13 3.38498e+32 1.961618617053880e+19 5.191147030598130e+37 
9.19369e+13 3.66844e+32 1.993040935936062e+19 5.440949173057855e+37 
9.63814e+13 3.97878e+32 2.025852775256830e+19 5.702772011588699e+37 
1.01042e+14 4.31899e+32 2.060157530141210e+19 5.977193974752706e+37 
1.05928e+14 4.69240e+32 2.096067172785967e+19 6.264821322681990e+37 
1.11051e+14 5.10267e+32 2.133679819267110e+19 6.566290731033919e+37 
1.16407e+14 5.75876e+32 2.190952423084534e+19 6.881262411978763e+37 
1.27642e+14 1.09928e+33 2.619448622942226e+19 7.539981107020294e+37 
1.33846e+14 1.20014e+33 2.695866365080883e+19 7.902810465863606e+37 
1.40354e+14 1.30477e+33 2.771429822476605e+19 8.283100034109759e+37 
1.47180e+14 1.41293e+33 2.845899605375741e+19 8.681689459933078e+37 
1.54341e+14 1.52458e+33 2.919182790862132e+19 9.099459333706396e+37 
1.61853e+14 1.63998e+33 2.991392167207506e+19 9.537332614299257e+37 
1.69733e+14 1.75986e+33 3.062893353096511e+19 9.996276806837440e+37 
1.77998e+14 1.88554e+33 3.134359555643046e+19 1.047730570540589e+38 
1.86668e+14 2.01923e+33 3.206824664635299e+19 1.098148192989806e+38 
1.95762e+14 2.16421e+33 3.281736808160067e+19 1.150991962972849e+38 
2.05302e+14 2.32402e+33 3.360449763665444e+19 1.206378648843772e+38 
2.15311e+14 2.49979e+33 3.442967102685660e+19 1.264430524650964e+38 
2.25811e+14 2.70253e+33 3.533677882663418e+19 1.325275913876382e+38 
2.36828e+14 2.94384e+33 3.636564848473806e+19 1.389049235436499e+38 
2.48389e+14 3.23747e+33 3.755853639901387e+19 1.455891403665856e+38 
2.60525e+14 3.59994e+33 3.896137717948361e+19 1.525950058933596e+38 
2.73266e+14 4.05088e+33 4.062366758954059e+19 1.599380018184794e+38 
2.86647e+14 4.61328e+33 4.259760887457596e+19 1.676343506039260e+38 
3.00705e+14 5.31353e+33 4.493692844745652e+19 1.757010530989556e+38 
3.15482e+14 6.18142e+33 4.769545263155773e+19 1.841559307079884e+38 
3.31022e+14 7.25014e+33 5.092560910811297e+19 1.930176659291674e+38 
3.47373e+14 8.55593e+33 5.467665495586288e+19 2.023058338910813e+38 
3.64587e+14 1.01380e+34 5.899337416762949e+19 2.120409551198615e+38 
3.82723e+14 1.20381e+34 6.391476542067401e+19 2.222445346929761e+38 
4.01843e+14 1.43007e+34 6.947362138512908e+19 2.329391226757987e+38 
4.22015e+14 1.69728e+34 7.569632947097762e+19 2.441483419667668e+38 
4.43312e+14 2.01043e+34 8.260376823864258e+19 2.558969542444280e+38 
4.65816e+14 2.37493e+34 9.021312598430881e+19 2.682109236064325e+38 
4.89612e+14 2.79671e+34 9.854014666563142e+19 2.811174507779936e+38 
5.14796e+14 3.28249e+34 1.076023602547097e+20 2.946450466442002e+38 
5.41470e+14 3.84007e+34 1.174226777396143e+20 3.088236113085770e+38 
5.69748e+14 4.47867e+34 1.280324907445120e+20 3.236844521112864e+38 
5.99753e+14 5.20943e+34 1.394749559245721e+20 3.392604079339160e+38 
6.31620e+14 6.04590e+34 1.518068537186010e+20 3.555858935965962e+38 
6.65499e+14 7.00446e+34 1.650991325055282e+20 3.726969749766896e+38 
7.01560e+14 8.10484e+34 1.794350954380560e+20 3.906314450356637e+38 
7.39987e+14 9.37044e+34 1.949078008805141e+20 4.094289468859390e+38 
7.80991e+14 1.08285e+35 2.116132388783823e+20 4.291309843968152e+38 
8.24806e+14 1.25102e+35 2.296440137028916e+20 4.497810999519751e+38 
8.71698e+14 1.44501e+35 2.490795524336768e+20 4.714249164310530e+38 
9.21961e+14 1.66860e+35 2.699774242088520e+20 4.941102706920191e+38 
9.75928e+14 1.92575e+35 2.923640684124780e+20 5.178872453852635e+38 
1.03397e+15 2.22056e+35 3.162281555236020e+20 5.428083812810778e+38 
1.09649e+15 2.55706e+35 3.415157105862743e+20 5.689287394188724e+38 
1.16393e+15 2.93911e+35 3.681296687348978e+20 5.963060525713580e+38 
1.23680e+15 3.37029e+35 3.959327147648340e+20 6.250007368076168e+38 
1.31562e+15 3.85377e+35 4.247552061105878e+20 6.550762910388367e+38 
1.40097e+15 4.39229e+35 4.544054311282828e+20 6.865990850874249e+38 
1.49346e+15 4.98821e+35 4.846837327704481e+20 7.196387855818048e+38 
1.59375e+15 5.64363e+35 5.153965733043781e+20 7.542683927341496e+38 
1.70253e+15 6.36059e+35 5.463704938037353e+20 7.905643920853328e+38 
1.82056e+15 7.14141e+35 5.774623918074437e+20 8.286069825685618e+38 
1.94863e+15 7.98895e+35 6.085667618493315e+20 8.684802373413331e+38 
2.08758e+15 8.90691e+35 6.396167854797619e+20 9.102722607784113e+38 
2.23832e+15 9.90008e+35 6.705814736168422e+20 9.540752977621876e+38 
2.40186e+15 1.09745e+36 7.014598275539353e+20 9.999863204106989e+38 
2.57924e+15 1.21374e+36 7.322720542440336e+20 1.048106457613663e+39 
2.77164e+15 1.33975e+36 7.630530162424135e+20 1.098541984526499e+39 
2.98033e+15 1.47648e+36 7.938462630041568e+20 1.151404881065458e+39 
3.20669e+15 1.62508e+36 8.246989462546296e+20 1.206811227217826e+39 
3.45224e+15 1.78686e+36 8.556630941091514e+20 1.264883954703947e+39 
3.71866e+15 1.96334e+36 8.867955072078200e+20 1.325751236508602e+39 
4.00777e+15 2.15630e+36 9.181610789474976e+20 1.389547361129074e+39 
4.32161e+15 2.36784e+36 9.498371429137887e+20 1.456413756678300e+39 
4.66243e+15 2.60046e+36 9.819134714406755e+20 1.526497442855042e+39 
