106
7.8 1.01e+08 1 4.6988e+24
7.86 1.01e+09 1.15795e+08 4.73494e+24
7.9 1.01e+10 1.26945e+09 4.75904e+24
8.15 1.01e+11 1.26771e+10 4.90964e+24
11.6 1.21e+12 1.21137e+11 6.98795e+24
16.4 1.4e+13 1.01736e+12 9.87952e+24
45.1 1.7e+14 6.07671e+12 2.71687e+25
212 5.82e+15 4.87239e+13 1.27711e+26
1150 1.9e+17 3.20672e+14 6.92771e+26
10440 9.744e+18 2.08569e+15 6.28915e+27
26220 4.968e+19 4.30072e+15 1.57951e+28
65870 2.431e+20 8.58533e+15 3.96805e+28
165400 1.151e+21 1.66113e+16 9.96375e+28
415600 5.266e+21 3.11318e+16 2.50356e+29
1.044e+06 2.318e+22 5.63708e+16 6.28892e+29
2.622e+06 9.755e+22 9.82379e+16 1.57941e+30
6.588e+06 3.911e+23 1.65137e+17 3.96821e+30
8.293e+06 5.259e+23 1.83307e+17 4.99512e+30
1.655e+07 1.435e+24 2.57523e+17 9.96798e+30
3.302e+07 3.833e+24 3.56541e+17 1.98862e+31
6.589e+07 1.006e+25 4.85503e+17 3.96781e+31
1.315e+08 2.604e+25 6.51424e+17 7.91769e+31
2.624e+08 6.676e+25 8.65391e+17 1.57965e+32
3.304e+08 8.738e+25 9.35166e+17 1.98888e+32
5.237e+08 1.629e+26 1.11304e+18 3.15201e+32
8.301e+08 3.029e+26 1.32217e+18 4.99528e+32
1.045e+09 4.129e+26 1.44086e+18 6.28786e+32
1.316e+09 5.036e+26 1.51805e+18 7.9177e+32
1.657e+09 6.86e+26 1.63996e+18 9.96832e+32
2.626e+09 1.272e+27 1.91663e+18 1.57941e+33
4.164e+09 2.356e+27 2.23947e+18 2.50377e+33
6.601e+09 4.362e+27 2.61853e+18 3.96785e+33
8.312e+09 5.662e+27 2.79322e+18 4.99547e+33
1.046e+10 7.702e+27 3.0106e+18 6.28528e+33
1.318e+10 1.048e+28 3.24613e+18 7.91813e+33
1.659e+10 1.425e+28 3.49992e+18 9.96465e+33
2.09e+10 1.938e+28 3.77474e+18 1.25505e+34
2.631e+10 2.503e+28 4.01478e+18 1.57955e+34
3.313e+10 3.404e+28 4.31783e+18 1.98849e+34
4.172e+10 4.628e+28 4.64629e+18 2.50338e+34
5.254e+10 5.949e+28 4.92736e+18 3.15172e+34
6.617e+10 8.089e+28 5.28759e+18 3.96815e+34
8.332e+10 1.1e+29 5.67765e+18 4.995e+34
1e+11 1.402e+29 6.00736e+18 5.9933e+34
2e+11 3.134e+29 7.20649e+18 1.19728e+35
4e+11 7.157e+29 8.67272e+18 2.39125e+35
8e+11 1.036e+30 9.2285e+18 4.77692e+35
1e+12 1.257e+30 9.4739e+18 5.96927e+35
2e+12 2.122e+30 1.00818e+19 1.19279e+36
4e+12 3.78e+30 1.06541e+19 2.38375e+36
8e+12 8.527e+30 1.14548e+19 4.76389e+36
1e+13 1.162e+31 1.17985e+19 5.95322e+36
2e+13 3.262e+31 1.32173e+19 1.18938e+37
4e+13 9.407e+31 1.52963e+19 2.37517e+37
8e+13 2.746e+32 1.83413e+19 4.73996e+37
1e+14 3.929e+32 1.96518e+19 5.91957e+37
1.586e+14 8.617e+32 2.32758e+19 9.36624e+37
2.57659e+14 6.87608e+33 5.05477e+19 1.51084e+38
2.75912e+14 9.16867e+33 5.88571e+19 1.61432e+38
2.94347e+14 1.2009e+34 6.84177e+19 1.71779e+38
3.12992e+14 1.54827e+34 7.93032e+19 1.82127e+38
3.3188e+14 1.96829e+34 9.15798e+19 1.92474e+38
3.51042e+14 2.471e+34 1.05305e+20 2.02821e+38
3.70516e+14 3.06718e+34 1.20525e+20 2.13169e+38
3.90338e+14 3.74293e+34 1.36689e+20 2.23516e+38
4.10479e+14 4.31202e+34 1.49471e+20 2.33864e+38
4.30912e+14 4.93728e+34 1.62713e+20 2.44211e+38
4.51655e+14 5.62153e+34 1.76398e+20 2.54558e+38
4.72711e+14 6.26598e+34 1.88617e+20 2.64906e+38
4.94015e+14 6.81191e+34 1.98435e+20 2.75253e+38
5.15552e+14 7.38261e+34 2.08212e+20 2.85601e+38
5.37325e+14 7.97824e+34 2.17947e+20 2.95948e+38
5.59334e+14 8.59896e+34 2.27639e+20 3.06295e+38
5.81581e+14 9.24493e+34 2.37285e+20 3.16643e+38
6.04068e+14 9.91631e+34 2.46884e+20 3.2699e+38
6.26795e+14 1.06132e+35 2.56437e+20 3.37338e+38
6.49765e+14 1.13358e+35 2.65941e+20 3.47685e+38
6.72979e+14 1.20843e+35 2.75395e+20 3.58032e+38
6.96437e+14 1.28587e+35 2.848e+20 3.6838e+38
7.20141e+14 1.36592e+35 2.94155e+20 3.78727e+38
7.44092e+14 1.4486e+35 3.03458e+20 3.89075e+38
7.68293e+14 1.53391e+35 3.12711e+20 3.99422e+38
7.92742e+14 1.62187e+35 3.21911e+20 4.09769e+38
8.17443e+14 1.71249e+35 3.3106e+20 4.20117e+38
8.42396e+14 1.80578e+35 3.40157e+20 4.30464e+38
8.67602e+14 1.90176e+35 3.49201e+20 4.40812e+38
8.93062e+14 2.00044e+35 3.58193e+20 4.51159e+38
9.18777e+14 2.10182e+35 3.67133e+20 4.61506e+38
9.44749e+14 2.20592e+35 3.7602e+20 4.71854e+38
9.70977e+14 2.31275e+35 3.84855e+20 4.82201e+38
9.97465e+14 2.42232e+35 3.93637e+20 4.92549e+38
1.02421e+15 2.53464e+35 4.02368e+20 5.02896e+38
1.05122e+15 2.64972e+35 4.11046e+20 5.13243e+38
1.07849e+15 2.76757e+35 4.19672e+20 5.23591e+38
1.10602e+15 2.88821e+35 4.28247e+20 5.33938e+38
1.13381e+15 3.01163e+35 4.36771e+20 5.44286e+38
1.16187e+15 3.13786e+35 4.45243e+20 5.54633e+38
1.19019e+15 3.26689e+35 4.53664e+20 5.6498e+38
1.21878e+15 3.39875e+35 4.62034e+20 5.75328e+38
1.24763e+15 3.53343e+35 4.70354e+20 5.85675e+38
1.27676e+15 3.67095e+35 4.78624e+20 5.96023e+38
1.30615e+15 3.81132e+35 4.86844e+20 6.0637e+38
1.33581e+15 3.95454e+35 4.95014e+20 6.16717e+38
1.36574e+15 4.10063e+35 5.03135e+20 6.27065e+38
1.39594e+15 4.24959e+35 5.11208e+20 6.37412e+38
1.42641e+15 4.40143e+35 5.19232e+20 6.47759e+38
