93
7.8 1.01e+08 1 4.6988e+24
7.86 1.01e+09 1.15795e+08 4.73494e+24
7.9 1.01e+10 1.26945e+09 4.75904e+24
8.15 1.01e+11 1.26771e+10 4.90964e+24
11.6 1.21e+12 1.21137e+11 6.98795e+24
16.4 1.4e+13 1.01736e+12 9.87952e+24
45.1 1.7e+14 6.07671e+12 2.71687e+25
212 5.82e+15 4.87239e+13 1.27711e+26
1150 1.9e+17 3.20672e+14 6.92771e+26
10440 9.744e+18 2.08569e+15 6.28915e+27
26220 4.968e+19 4.30072e+15 1.57951e+28
65870 2.431e+20 8.58533e+15 3.96805e+28
165400 1.151e+21 1.66113e+16 9.96375e+28
415600 5.266e+21 3.11318e+16 2.50356e+29
1.044e+06 2.318e+22 5.63708e+16 6.28892e+29
2.622e+06 9.755e+22 9.82379e+16 1.57941e+30
6.588e+06 3.911e+23 1.65137e+17 3.96821e+30
8.293e+06 5.259e+23 1.83307e+17 4.99512e+30
1.655e+07 1.435e+24 2.57523e+17 9.96798e+30
3.302e+07 3.833e+24 3.56541e+17 1.98862e+31
6.589e+07 1.006e+25 4.85503e+17 3.96781e+31
1.315e+08 2.604e+25 6.51424e+17 7.91769e+31
2.624e+08 6.676e+25 8.65391e+17 1.57965e+32
3.304e+08 8.738e+25 9.35166e+17 1.98888e+32
5.237e+08 1.629e+26 1.11304e+18 3.15201e+32
8.301e+08 3.029e+26 1.32217e+18 4.99528e+32
1.045e+09 4.129e+26 1.44086e+18 6.28786e+32
1.316e+09 5.036e+26 1.51805e+18 7.9177e+32
1.657e+09 6.86e+26 1.63996e+18 9.96832e+32
2.626e+09 1.272e+27 1.91663e+18 1.57941e+33
4.164e+09 2.356e+27 2.23947e+18 2.50377e+33
6.601e+09 4.362e+27 2.61853e+18 3.96785e+33
8.312e+09 5.662e+27 2.79322e+18 4.99547e+33
1.046e+10 7.702e+27 3.0106e+18 6.28528e+33
1.318e+10 1.048e+28 3.24613e+18 7.91813e+33
1.659e+10 1.425e+28 3.49992e+18 9.96465e+33
2.09e+10 1.938e+28 3.77474e+18 1.25505e+34
2.631e+10 2.503e+28 4.01478e+18 1.57955e+34
3.313e+10 3.404e+28 4.31783e+18 1.98849e+34
4.172e+10 4.628e+28 4.64629e+18 2.50338e+34
5.254e+10 5.949e+28 4.92736e+18 3.15172e+34
6.617e+10 8.089e+28 5.28759e+18 3.96815e+34
8.332e+10 1.1e+29 5.67765e+18 4.995e+34
1e+11 1.402e+29 6.00736e+18 5.9933e+34
2e+11 3.134e+29 7.20649e+18 1.19728e+35
4e+11 7.157e+29 8.67272e+18 2.39125e+35
8e+11 1.036e+30 9.2285e+18 4.77692e+35
1e+12 1.257e+30 9.4739e+18 5.96927e+35
2e+12 2.122e+30 1.00818e+19 1.19279e+36
4e+12 3.78e+30 1.06541e+19 2.38375e+36
8e+12 8.527e+30 1.14548e+19 4.76389e+36
1e+13 1.162e+31 1.17985e+19 5.95322e+36
2e+13 3.262e+31 1.32173e+19 1.18938e+37
4e+13 9.407e+31 1.52963e+19 2.37517e+37
8e+13 2.746e+32 1.83413e+19 4.73996e+37
1e+14 3.929e+32 1.96518e+19 5.91957e+37
1.586e+14 8.617e+32 2.32758e+19 9.36624e+37
2.57182e+14 4.17927e+33 3.86872e+19 1.51084e+38
2.94844e+14 6.50194e+33 4.69115e+19 1.7272e+38
3.32881e+14 9.60069e+33 5.64992e+19 1.94356e+38
3.71356e+14 1.36044e+34 6.74578e+19 2.15991e+38
4.10332e+14 1.86463e+34 7.97836e+19 2.37627e+38
4.49877e+14 2.48637e+34 9.34626e+19 2.59263e+38
4.90058e+14 3.23979e+34 1.08471e+20 2.80898e+38
5.30945e+14 4.13938e+34 1.24777e+20 3.02534e+38
5.72611e+14 5.19995e+34 1.42342e+20 3.2417e+38
6.15127e+14 6.43666e+34 1.61118e+20 3.45805e+38
6.5857e+14 7.86497e+34 1.81054e+20 3.67441e+38
7.03021e+14 9.59624e+34 2.03284e+20 3.89077e+38
7.48753e+14 1.19731e+35 2.31383e+20 4.10712e+38
7.95998e+14 1.47699e+35 2.61746e+20 4.32348e+38
8.44795e+14 1.69829e+35 2.84072e+20 4.53984e+38
8.94371e+14 1.81736e+35 2.95254e+20 4.75619e+38
9.44556e+14 1.93893e+35 3.0603e+20 4.97255e+38
9.95336e+14 2.06294e+35 3.1643e+20 5.18891e+38
1.0467e+15 2.18932e+35 3.26481e+20 5.40526e+38
1.09863e+15 2.31803e+35 3.36209e+20 5.62162e+38
1.15111e+15 2.44902e+35 3.45633e+20 5.83798e+38
1.20414e+15 2.58223e+35 3.54775e+20 6.05433e+38
1.2577e+15 2.71764e+35 3.6365e+20 6.27069e+38
1.31179e+15 2.85518e+35 3.72277e+20 6.48705e+38
1.36639e+15 2.99484e+35 3.80668e+20 6.7034e+38
1.4215e+15 3.13656e+35 3.88837e+20 6.91976e+38
1.47711e+15 3.28032e+35 3.96797e+20 7.13612e+38
1.5332e+15 3.42608e+35 4.04558e+20 7.35247e+38
1.58977e+15 3.5738e+35 4.1213e+20 7.56883e+38
1.64682e+15 3.72346e+35 4.19525e+20 7.78519e+38
1.65255e+15 3.73853e+35 4.20254e+20 7.80682e+38
1.65828e+15 3.75363e+35 4.20983e+20 7.82846e+38
1.65886e+15 3.75514e+35 4.21055e+20 7.83062e+38
1.65943e+15 3.75665e+35 4.21128e+20 7.83278e+38
1.66e+15 3.75816e+35 4.21201e+20 7.83495e+38
1.66058e+15 3.75967e+35 4.21274e+20 7.83711e+38
