250
1.32800e+01 3.06637e+14 9.999999999999999e-01 8.000000688351112e+24 
1.51469e+01 3.74832e+14 4.800243087619134e+12 9.124615683801125e+24 
1.72762e+01 4.59794e+14 1.004347421394003e+13 1.040732552798578e+25 
1.97048e+01 5.65861e+14 1.578231430609507e+13 1.187035469918564e+25 
2.24748e+01 6.98492e+14 2.207387704197004e+13 1.353905192321949e+25 
2.56343e+01 8.64535e+14 2.897952623110924e+13 1.544232937036746e+25 
2.92379e+01 1.07255e+15 3.656433621021584e+13 1.761316359320677e+25 
3.33480e+01 1.33317e+15 4.489613422667903e+13 2.008916688469228e+25 
3.80360e+01 1.65953e+15 5.404399289255031e+13 2.291323895592080e+25 
4.33830e+01 2.06747e+15 6.406962108920486e+13 2.613431022433984e+25 
4.94816e+01 2.57166e+15 7.493467158032133e+13 2.980818958683312e+25 
5.64376e+01 3.19062e+15 8.662984866862145e+13 3.399853138035508e+25 
6.43714e+01 3.94742e+15 9.916739603980209e+13 3.877793826902692e+25 
7.34205e+01 4.86985e+15 1.125657620381145e+14 4.422921917100100e+25 
8.37417e+01 5.99301e+15 1.268688489995217e+14 5.044682402315882e+25 
9.55139e+01 7.36462e+15 1.421820972586467e+14 5.753848024285341e+25 
1.08941e+02 9.05603e+15 1.587358363940824e+14 6.562705924295976e+25 
1.24256e+02 1.11843e+16 1.769935380029530e+14 7.485270534461610e+25 
1.41723e+02 1.39165e+16 1.975447656072176e+14 8.537526394132489e+25 
1.61646e+02 1.72999e+16 2.198634241306736e+14 9.737705082192074e+25 
1.84370e+02 2.14492e+16 2.438626553660975e+14 1.110660112174030e+26 
2.10288e+02 2.65179e+16 2.695673798893124e+14 1.266793226591525e+26 
2.39849e+02 3.26928e+16 2.970228192282849e+14 1.444875043486966e+26 
2.73567e+02 4.02134e+16 3.263397084309906e+14 1.647991042376073e+26 
3.12024e+02 4.94128e+16 3.577782796746648e+14 1.879660450200019e+26 
3.55887e+02 6.08011e+16 3.918941467476943e+14 2.143897216828767e+26 
4.05917e+02 7.52314e+16 4.297881729449648e+14 2.445279562964051e+26 
4.62979e+02 9.36616e+16 4.722260876575912e+14 2.789029300154753e+26 
5.28063e+02 1.16360e+17 5.180623641598841e+14 3.181102296175902e+26 
6.02297e+02 1.44169e+17 5.672983158538148e+14 3.628291681439856e+26 
6.86966e+02 1.78111e+17 6.199894100114659e+14 4.138345543134145e+26 
7.83537e+02 2.19446e+17 6.762485245084362e+14 4.720101170167763e+26 
8.93684e+02 2.69816e+17 7.363538520151735e+14 5.383638170735105e+26 
1.01932e+03 3.31560e+17 8.009437720957856e+14 6.140453116006067e+26 
1.16261e+03 4.08345e+17 8.713521475238114e+14 7.003658737301862e+26 
1.32604e+03 5.06400e+17 9.501734868870588e+14 7.988211130448413e+26 
1.51246e+03 6.30274e+17 1.037494295880720e+15 9.111168838794204e+26 
1.72507e+03 7.82515e+17 1.131602675719770e+15 1.039198840994398e+27 
1.96758e+03 9.68843e+17 1.232589950039250e+15 1.185286155922552e+27 
2.24417e+03 1.19610e+18 1.340583352500029e+15 1.351909964122358e+27 
2.55965e+03 1.47280e+18 1.455867237770600e+15 1.541957220198131e+27 
2.91948e+03 1.81028e+18 1.579136767807822e+15 1.758720718637633e+27 
3.32989e+03 2.22506e+18 1.711948842197410e+15 2.005956147320651e+27 
3.79800e+03 2.74361e+18 1.857493638135023e+15 2.287947163389488e+27 
4.33191e+03 3.40915e+18 2.021263488354213e+15 2.609579618038815e+27 
4.94087e+03 4.24064e+18 2.200698981970078e+15 2.976426163621040e+27 
5.63545e+03 5.26147e+18 2.393865764033373e+15 3.394842838609894e+27 
6.42766e+03 6.50967e+18 2.600954476680816e+15 3.872079203088700e+27 
7.33124e+03 8.03109e+18 2.822267556041868e+15 4.416403936298793e+27 
8.36185e+03 9.88357e+18 3.058523325141677e+15 5.037248103743190e+27 
9.53733e+03 1.21457e+19 3.311448546155286e+15 5.745368568101664e+27 
1.08781e+04 1.49348e+19 3.584819273325314e+15 6.553034379570691e+27 
1.24073e+04 1.84432e+19 3.886239376232425e+15 7.474239382918282e+27 
1.41514e+04 2.29477e+19 4.225557437813428e+15 8.524944674391369e+27 
1.61408e+04 2.85276e+19 4.594175424101568e+15 9.723354832892979e+27 
1.84099e+04 3.53709e+19 4.990569097326246e+15 1.109023367670972e+28 
2.09979e+04 4.37309e+19 5.415148828158005e+15 1.264926395817771e+28 
2.39497e+04 5.39156e+19 5.868655153738914e+15 1.442745767130050e+28 
2.73165e+04 6.63196e+19 6.352900123223975e+15 1.645562408655385e+28 
3.11565e+04 8.14912e+19 6.872146633080080e+15 1.876890360943838e+28 
3.55364e+04 1.00269e+20 7.435505497908944e+15 2.140737674457189e+28 
4.05320e+04 1.24055e+20 8.061040399494226e+15 2.441675877356681e+28 
4.62299e+04 1.54445e+20 8.761832004330073e+15 2.784919133907945e+28 
5.27288e+04 1.91880e+20 9.518876083554260e+15 3.176414437546716e+28 
6.01413e+04 2.37744e+20 1.033210734915139e+16 3.622944880873741e+28 
6.85958e+04 2.93726e+20 1.120243782134710e+16 4.132247099741910e+28 
7.82389e+04 3.61902e+20 1.213171476803025e+16 4.713145320755726e+28 
8.92375e+04 4.44979e+20 1.312449138948346e+16 5.375704267776040e+28 
1.01782e+05 5.46804e+20 1.419122773153582e+16 6.131403585508328e+28 
1.16091e+05 6.73405e+20 1.535380022930617e+16 6.993336826064191e+28 
1.32410e+05 8.35022e+20 1.665485105218500e+16 7.976438485894424e+28 
1.51024e+05 1.03937e+21 1.809740812501961e+16 9.097741980012692e+28 
1.72255e+05 1.29066e+21 1.965303783206206e+16 1.037667466963682e+29 
1.96470e+05 1.59841e+21 2.132341700820213e+16 1.183539540981798e+29 
2.24090e+05 1.97397e+21 2.311066040349073e+16 1.349917803416469e+29 
2.55592e+05 2.43138e+21 2.501914849770850e+16 1.539684929442499e+29 
2.91523e+05 2.98914e+21 2.705943230509988e+16 1.756128843912028e+29 
3.32505e+05 3.67388e+21 2.925521639332393e+16 2.002999717799870e+29 
3.79248e+05 4.52775e+21 3.165535419804250e+16 2.284575007451736e+29 
4.32562e+05 5.61911e+21 3.434486352903290e+16 2.605733650565861e+29 
4.93371e+05 6.97818e+21 3.728204397691716e+16 2.972039866949777e+29 
5.62729e+05 8.64206e+21 4.043512015583965e+16 3.389840080455166e+29 
6.41837e+05 1.06736e+22 4.381045160283116e+16 3.866373060582702e+29 
7.32067e+05 1.31530e+22 4.742207279708539e+16 4.409895215821588e+29 
8.34980e+05 1.61905e+22 5.130107221341435e+16 5.029823754730188e+29 
9.52362e+05 1.99524e+22 5.551239364073344e+16 5.736900090021321e+29 
1.08625e+06 2.46983e+22 6.017035153342809e+16 6.543376281225367e+29 
1.23895e+06 3.05442e+22 6.520201611727070e+16 7.463224652334479e+29 
1.41312e+06 3.76276e+22 7.054789799963953e+16 8.512381682653412e+29 
1.61178e+06 4.61768e+22 7.620490319586682e+16 9.709024843462158e+29 
1.83837e+06 5.64855e+22 8.218535191539838e+16 1.107388711295767e+30 
2.09681e+06 6.89760e+22 8.853773528355173e+16 1.263061665340841e+30 
2.39159e+06 8.43323e+22 9.538351716292349e+16 1.440618752475165e+30 
2.72780e+06 1.03711e+23 1.029569601298279e+17 1.643136839809583e+30 
3.11129e+06 1.27700e+23 1.111786318687942e+17 1.874124462907355e+30 
3.54869e+06 1.56890e+23 1.199507259816358e+17 2.137583325904662e+30 
4.04758e+06 1.92162e+23 1.292448444450507e+17 2.438077928625971e+30 
4.61661e+06 2.34434e+23 1.390113526428343e+17 2.780814450397275e+30 
5.26563e+06 2.84613e+23 1.491769890520080e+17 3.171731107412361e+30 
6.00590e+06 3.43550e+23 1.596466384168065e+17 3.617601401365966e+30 
6.85025e+06 4.11712e+23 1.702665345421687e+17 4.126151998676325e+30 
7.81331e+06 4.86644e+23 1.804989117694581e+17 4.706193078610824e+30 
8.91176e+06 5.78415e+23 1.914778952816531e+17 5.367776265105684e+30 
1.01647e+07 6.94405e+23 2.036415321988343e+17 6.122363041462749e+30 
1.15937e+07 8.40318e+23 2.170577703360098e+17 6.983026199149234e+30 
1.32236e+07 1.02299e+24 2.317850528119841e+17 7.964677231715785e+30 
1.50827e+07 1.24822e+24 2.477087563795739e+17 9.084325732379978e+30 
1.72033e+07 1.51768e+24 2.644157203560468e+17 1.036137667265547e+31 
1.96219e+07 1.83693e+24 2.817703858527767e+17 1.181795127308092e+31 
2.23806e+07 2.21561e+24 2.998179693260312e+17 1.347928049918566e+31 
2.55272e+07 2.66492e+24 3.185911310993973e+17 1.537414776919456e+31 
2.91161e+07 3.20248e+24 3.382799286479715e+17 1.753538791873769e+31 
3.32098e+07 3.85989e+24 3.593880972014372e+17 2.000046391494593e+31 
3.78790e+07 4.65870e+24 3.818785716136054e+17 2.281208433972189e+31 
4.32047e+07 5.60432e+24 4.052240486304218e+17 2.601893743661142e+31 
4.92792e+07 6.72260e+24 4.294281964733302e+17 2.967658078634298e+31 
5.62078e+07 8.05277e+24 4.546665169237812e+17 3.384839331535709e+31 
6.41107e+07 9.66366e+24 4.814588322684826e+17 3.860669234137397e+31 
7.31249e+07 1.16349e+25 5.102057234801585e+17 4.403395540393842e+31 
8.34066e+07 1.39695e+25 5.400603244458769e+17 5.022413009402795e+31 
9.51340e+07 1.67252e+25 5.709559528027816e+17 5.728444753814283e+31 
1.08510e+08 1.99899e+25 6.030427165822657e+17 6.533724067016559e+31 
1.23768e+08 2.39125e+25 6.368364411936809e+17 7.452210375523715e+31 
1.41171e+08 2.87311e+25 6.732295730128598e+17 8.499832469250323e+31 
1.61021e+08 3.45440e+25 7.117265964410532e+17 9.694723389746322e+31 
1.83663e+08 4.14789e+25 7.519958875771822e+17 1.105757588823118e+32 
2.09489e+08 4.96615e+25 7.936592351709677e+17 1.261199864225048e+32 
2.38946e+08 5.91577e+25 8.360602507442819e+17 1.438492886469326e+32 
2.72547e+08 6.98640e+25 8.779911192958775e+17 1.640711142422400e+32 
3.10872e+08 8.12932e+25 9.172156735258469e+17 1.871356486883540e+32 
3.54587e+08 9.53265e+25 9.593967924614533e+17 2.134427677485860e+32 
4.04451e+08 1.13453e+26 1.007152742270457e+18 2.434479902847182e+32 
4.61326e+08 1.36294e+26 1.059928207362593e+18 2.776710435590947e+32 
5.26202e+08 1.63750e+26 1.115571923873692e+18 3.167052789390920e+32 
6.00202e+08 1.95730e+26 1.172399299249485e+18 3.612270348667860e+32 
6.84609e+08 2.33600e+26 1.231386560603507e+18 4.120070296100093e+32 
7.80889e+08 2.78656e+26 1.292909379018338e+18 4.699253193619812e+32 
8.90712e+08 3.32727e+26 1.357636857815715e+18 5.359861604963041e+32 
1.01598e+09 3.96994e+26 1.425082972355065e+18 6.113332315571369e+32 
1.15887e+09 4.74382e+26 1.496322808635859e+18 6.972725309274373e+32 
1.32186e+09 5.57766e+26 1.563695115739943e+18 7.952924877798321e+32 
1.50778e+09 6.40310e+26 1.622104335813564e+18 9.070915653642775e+32 
1.71985e+09 7.45215e+26 1.687080556761832e+18 1.034609841568374e+33 
1.96175e+09 8.85326e+26 1.763145039376565e+18 1.180053394481319e+33 
2.23768e+09 1.06421e+27 1.848342474130623e+18 1.345940570709139e+33 
2.55243e+09 1.27649e+27 1.937047827234924e+18 1.535148849613788e+33 
2.91146e+09 1.51283e+27 2.023648811993013e+18 1.750956872241184e+33 
3.32099e+09 1.78038e+27 2.109574121878356e+18 1.997098140836600e+33 
3.78814e+09 2.09003e+27 2.196721693019533e+18 2.277840343008234e+33 
4.32103e+09 2.46957e+27 2.290328706058196e+18 2.598058180763234e+33 
4.92890e+09 2.93812e+27 2.391638549464913e+18 2.963291017513687e+33 
5.62229e+09 3.50726e+27 2.499533595748518e+18 3.379857523636383e+33 
6.41324e+09 4.19078e+27 2.613146389371682e+18 3.854981164742641e+33 
7.31551e+09 4.99816e+27 2.730797136670650e+18 4.396903993491042e+33 
8.34475e+09 5.96021e+27 2.853679472677534e+18 5.015006726242037e+33 
9.51885e+09 7.11690e+27 2.983248457592008e+18 5.719998855421434e+33 
1.08582e+10 8.39492e+27 3.108849517412999e+18 6.524096344473676e+33 
1.23860e+10 9.73020e+27 3.223795641746070e+18 7.441227913112609e+33 
1.41289e+10 1.14421e+28 3.352816923498701e+18 8.487304829203105e+33 
1.61170e+10 1.36806e+28 3.500757378341597e+18 9.680418756202683e+33 
1.83850e+10 1.63161e+28 3.653545282675103e+18 1.104126491676794e+34 
2.09723e+10 1.94472e+28 3.812644015862564e+18 1.259340918405913e+34 
2.39238e+10 2.32179e+28 3.980666563723226e+18 1.436374961858092e+34 
2.72909e+10 2.73665e+28 4.142866680174968e+18 1.638295119336154e+34 
3.11319e+10 3.16346e+28 4.289014926247848e+18 1.868599687005177e+34 
3.55138e+10 3.71517e+28 4.454385069972396e+18 2.131285970261464e+34 
4.05125e+10 4.44258e+28 4.645572340812072e+18 2.430893960082413e+34 
4.62153e+10 5.30575e+28 4.844628945547082e+18 2.772621865756658e+34 
5.27211e+10 6.28285e+28 5.042353935595527e+18 3.162386323885168e+34 
6.01429e+10 7.26118e+28 5.215787661464789e+18 3.606938902945827e+34 
6.86100e+10 8.45363e+28 5.400816483042850e+18 4.113999730554244e+34 
7.82693e+10 1.00867e+29 5.622809996795894e+18 4.692333006743006e+34 
8.92895e+10 1.21366e+29 5.867386231094232e+18 5.351965907930239e+34 
1.01862e+11 1.44138e+29 6.107764083375629e+18 6.104302326316025e+34 
1.16205e+11 1.56999e+29 6.225763221324275e+18 6.962434850217698e+34 
1.32568e+11 1.85638e+29 6.453921866710182e+18 7.941227076083139e+34 
1.51236e+11 2.21322e+29 6.705141410882381e+18 9.057600815149179e+34 
1.72534e+11 2.64372e+29 6.971069223999215e+18 1.033088175006345e+35 
1.96833e+11 3.09486e+29 7.215611188343306e+18 1.178316202065547e+35 
2.24555e+11 3.54054e+29 7.427087524291656e+18 1.343961616129030e+35 
2.56182e+11 4.13080e+29 7.672189979439547e+18 1.532891425419391e+35 
2.92266e+11 4.88448e+29 7.946601280354213e+18 1.748384709640282e+35 
3.33435e+11 5.82976e+29 8.248770656843838e+18 1.994164347194931e+35 
3.80406e+11 6.74889e+29 8.506231718239934e+18 2.274497332542848e+35 
4.33996e+11 7.89463e+29 8.787104869421028e+18 2.594239017456588e+35 
4.95141e+11 9.40833e+29 9.113112076861152e+18 2.958927232141523e+35 
5.64904e+11 1.07190e+30 9.360793804270555e+18 3.374884266575832e+35 
6.44502e+11 1.19713e+30 9.568026450042247e+18 3.849367211309712e+35 
7.35316e+11 1.32945e+30 9.759895444202713e+18 4.390583813789917e+35 
8.38917e+11 1.46487e+30 9.932100050673101e+18 5.007889250447618e+35 
9.57098e+11 1.59848e+30 1.008111160230552e+19 5.711937077579412e+35 
1.09190e+12 1.72380e+30 1.020372392976279e+19 6.514858272843713e+35 
1.24563e+12 1.83341e+30 1.029784111253371e+19 7.430474671377087e+35 
1.42096e+12 1.92097e+30 1.036382888826030e+19 8.474561419523835e+35 
1.62090e+12 1.98611e+30 1.040679675045932e+19 9.665187176724126e+35 
1.84895e+12 2.04486e+30 1.044067933981160e+19 1.102318079920837e+36 
2.10921e+12 2.15059e+30 1.049372313554003e+19 1.257283383829749e+36 
2.40618e+12 2.39466e+30 1.060056418943606e+19 1.434095473102262e+36 
2.74481e+12 2.81538e+30 1.076322480212543e+19 1.635682201467148e+36 
3.13108e+12 3.36369e+30 1.094982935585055e+19 1.865576585572638e+36 
3.57181e+12 3.94667e+30 1.112382062135865e+19 2.127840148058121e+36 
4.07459e+12 4.65724e+30 1.130959194970898e+19 2.426960515909691e+36 
4.64818e+12 5.51206e+30 1.150550119219427e+19 2.768137864029689e+36 
5.30254e+12 6.54200e+30 1.171240384525275e+19 3.157274074567651e+36 
6.04907e+12 7.78451e+30 1.193119918463738e+19 3.601111837637565e+36 
6.90076e+12 9.27600e+30 1.216141381537029e+19 4.107345959927729e+36 
7.87243e+12 1.10695e+31 1.240406727012681e+19 4.684742758941772e+36 
8.98102e+12 1.32199e+31 1.265907902734498e+19 5.343322341015405e+36 
1.02458e+13 1.57890e+31 1.292612039184441e+19 6.094459282573103e+36 
1.16888e+13 1.88626e+31 1.320613318673271e+19 6.951183368518309e+36 
1.33352e+13 2.25496e+31 1.350055446755359e+19 7.928394602742800e+36 
1.52137e+13 2.69214e+31 1.380654295621291e+19 9.042943396184094e+36 
1.73569e+13 3.21057e+31 1.412455387550804e+19 1.031413209042215e+37 
1.98025e+13 3.83086e+31 1.445803596656984e+19 1.176409308833515e+37 
2.25927e+13 4.56409e+31 1.480354215181099e+19 1.341784408106188e+37 
2.57765e+13 5.43193e+31 1.516191973866445e+19 1.530403955587809e+37 
2.94094e+13 6.46819e+31 1.553695155664918e+19 1.745548872696668e+37 
3.35546e+13 7.69074e+31 1.592470948781147e+19 1.990927733966820e+37 
3.82848e+13 9.15192e+31 1.633083046091599e+19 2.270809076234402e+37 
4.36823e+13 1.08934e+32 1.675498334306454e+19 2.590029889586205e+37 
4.98417e+13 1.29878e+32 1.720198794432162e+19 2.954129393435992e+37 
5.68706e+13 1.55313e+32 1.767763200201999e+19 3.369421526120120e+37 
6.48917e+13 1.86241e+32 1.818438470666321e+19 3.843071476310816e+37 
7.40464e+13 2.24776e+32 1.873750797977390e+19 4.383345232701893e+37 
8.44948e+13 2.73326e+32 1.934804843938157e+19 4.999572176141416e+37 
9.64199e+13 3.34887e+32 2.002621678975911e+19 5.702384086070734e+37 
1.10033e+14 4.14158e+32 2.079116877478092e+19 6.504023021059728e+37 
1.25573e+14 5.16037e+32 2.165141540682909e+19 7.418340269138165e+37 
1.43320e+14 7.11670e+32 2.309579909696953e+19 8.461163841041228e+37 
1.63594e+14 9.22568e+32 2.446282647990962e+19 9.650592079563383e+37 
1.86757e+14 1.21994e+33 2.614733941029535e+19 1.100724363762136e+38 
2.13232e+14 1.65006e+33 2.827842913333085e+19 1.255461027323856e+38 
2.43511e+14 2.28188e+33 3.101525562499986e+19 1.431950039450871e+38 
2.78167e+14 3.22047e+33 3.456700785877357e+19 1.633249435900414e+38 
3.17874e+14 4.62534e+33 3.920648112568199e+19 1.862846823261391e+38 
3.63434e+14 6.73753e+33 4.528549851790350e+19 2.124720261676471e+38 
4.15805e+14 9.92153e+33 5.325723019560532e+19 2.423406790837699e+38 
4.76150e+14 1.47142e+34 6.366893686471987e+19 2.764083491867900e+38 
5.45916e+14 2.22186e+34 7.776389470939241e+19 3.152646760819628e+38 
6.26976e+14 3.41577e+34 9.706001389784672e+19 3.595838370144849e+38 
7.21803e+14 5.32597e+34 1.234478140431410e+20 4.101335459381064e+38 
8.33746e+14 8.36641e+34 1.590259701167553e+20 4.677890487906457e+38 
9.67428e+14 1.31684e+35 2.060803585997569e+20 5.335494792739859e+38 
1.12935e+15 2.06991e+35 2.670051826052614e+20 6.085534034872546e+38 
1.32878e+15 3.24254e+35 3.440345203062784e+20 6.941015412939449e+38 
1.57914e+15 5.05517e+35 4.389005995886960e+20 7.916743246868589e+38 
1.89995e+15 7.83768e+35 5.525779898040707e+20 9.029654291729650e+38 
2.31976e+15 1.20780e+36 6.850070886064814e+20 1.029901225362307e+39 
2.88048e+15 1.84981e+36 8.351928878813071e+20 1.174688159881458e+39 
3.64361e+15 2.81640e+36 1.001408829455318e+21 1.339825953694724e+39 
