100
1.31555e+01 3.02301e+14 9.999999999999999e-01 7.925000679310252e+24 
1.83367e+01 5.04921e+14 1.290608294726710e+13 1.104618616056809e+25 
2.55584e+01 8.60367e+14 2.914472327530116e+13 1.539662061139930e+25 
3.56243e+01 1.48785e+15 4.971134061465295e+13 2.146043195728130e+25 
4.96546e+01 2.58651e+15 7.556232827545108e+13 2.991241725817643e+25 
6.92106e+01 4.43323e+15 1.067657907050722e+14 4.169313586002437e+25 
9.64685e+01 7.48021e+15 1.436948415861116e+14 5.811357736626265e+25 
1.34462e+02 1.27483e+16 1.894559223090387e+14 8.100105230772068e+25 
1.87418e+02 2.20276e+16 2.473043529264936e+14 1.129025399780908e+26 
2.61231e+02 3.74039e+16 3.161454998494694e+14 1.573681220701153e+26 
3.64115e+02 6.30584e+16 3.984786890612211e+14 2.193460465406907e+26 
5.07518e+02 1.09016e+17 5.042221454803792e+14 3.057333841827158e+26 
7.07399e+02 1.86631e+17 6.325198503645990e+14 4.261435451745102e+26 
9.86001e+02 3.14718e+17 7.843939003924428e+14 5.939760886652780e+26 
1.37433e+03 5.37565e+17 9.737733546538815e+14 8.279078737528172e+26 
1.91559e+03 9.27839e+17 1.211844646546220e+15 1.153971458081815e+27 
2.67003e+03 1.57385e+18 1.494810050731236e+15 1.608452037052963e+27 
3.72160e+03 2.65520e+18 1.834322385905750e+15 2.241925411988676e+27 
5.18732e+03 4.59445e+18 2.270891125015415e+15 3.124886292601286e+27 
7.23030e+03 7.85624e+18 2.798441785573372e+15 4.355592796341904e+27 
1.00779e+04 1.32417e+19 3.423155234356802e+15 6.071001072682423e+27 
1.40470e+04 2.26665e+19 4.206729777918177e+15 8.462006681281834e+27 
1.95793e+04 3.90790e+19 5.186379573616898e+15 1.179468723334473e+28 
2.72904e+04 6.62203e+19 6.349488056682995e+15 1.643991118227413e+28 
3.80385e+04 1.11825e+20 7.750275666490228e+15 2.291461134632560e+28 
5.30196e+04 1.93618e+20 9.551879863363536e+15 3.193931402243393e+28 
7.39010e+04 3.30685e+20 1.172093405960084e+16 4.451830668798305e+28 
1.03006e+05 5.57171e+20 1.429116285586616e+16 6.205140767264060e+28 
1.43575e+05 9.55695e+20 1.753265010462432e+16 8.648976447098552e+28 
2.00121e+05 1.64660e+21 2.156772979593806e+16 1.205529441456277e+29 
2.78937e+05 2.78941e+21 2.635897847466160e+16 1.680315441459986e+29 
3.88796e+05 4.71335e+21 3.214104344869150e+16 2.342091104699345e+29 
5.41922e+05 8.13091e+21 3.950761096819134e+16 3.264502075610721e+29 
7.55357e+05 1.38205e+22 4.831467983812070e+16 4.550194227103976e+29 
1.05286e+06 2.34709e+22 5.902757117080946e+16 6.342243718169802e+29 
1.46753e+06 3.99214e+22 7.213646045189480e+16 8.840077562285524e+29 
2.04552e+06 6.64311e+22 8.729806392980435e+16 1.232165214682043e+30 
2.85117e+06 1.11249e+23 1.056727623207484e+17 1.717442013050896e+30 
3.97413e+06 1.86854e+23 1.279287482404958e+17 2.393840830340920e+30 
5.53941e+06 3.06242e+23 1.531980063573990e+17 3.336628716046713e+30 
7.72121e+06 4.79448e+23 1.795024402272665e+17 4.650726175929861e+30 
1.07624e+07 7.53713e+23 2.093121362314111e+17 6.482373253188334e+30 
1.50015e+07 1.23809e+24 2.470409292144486e+17 9.035392059140801e+30 
2.09104e+07 2.01200e+24 2.903872439910019e+17 1.259390623363889e+31 
2.91468e+07 3.20721e+24 3.384128890152906e+17 1.755387543027851e+31 
4.06279e+07 5.14257e+24 3.941865019654441e+17 2.446733063471013e+31 
5.66315e+07 8.13630e+24 4.561004226277590e+17 3.410350368289263e+31 
7.89399e+07 1.29454e+25 5.274360754126733e+17 4.753491517428423e+31 
1.10036e+08 2.03716e+25 6.064804540023686e+17 6.625596946560154e+31 
1.53385e+08 3.22742e+25 6.973236777921064e+17 9.235042688750628e+31 
2.13811e+08 5.10491e+25 8.002948101105961e+17 1.287215669977611e+32 
2.98046e+08 7.74975e+25 9.044282097191827e+17 1.794170329840296e+32 
4.15470e+08 1.17722e+26 1.017775131466895e+18 2.500788436113427e+32 
5.79164e+08 1.86519e+26 1.156695390063303e+18 3.485703949099078e+32 
8.07364e+08 2.91438e+26 1.308941452283287e+18 4.858509524679790e+32 
1.12550e+09 4.56024e+26 1.480644765466134e+18 6.771984443841426e+32 
1.56900e+09 6.68233e+26 1.639358300276223e+18 9.439070194070079e+32 
2.18730e+09 1.03051e+27 1.832931829305445e+18 1.315657781604578e+33 
3.04932e+09 1.60299e+27 2.052981237913623e+18 1.833819453431512e+33 
4.25112e+09 2.41769e+27 2.277586872315846e+18 2.556048948898645e+33 
5.92670e+09 3.76680e+27 2.543804410964713e+18 3.562726373375149e+33 
8.26292e+09 5.88154e+27 2.843661276023139e+18 4.965869238825191e+33 
1.15204e+10 8.97739e+27 3.158741452763937e+18 6.921633889319180e+33 
1.60624e+10 1.36175e+28 3.496973831477705e+18 9.647635846454245e+33 
2.23958e+10 2.12462e+28 3.895966488749666e+18 1.344726470865893e+34 
3.12275e+10 3.17423e+28 4.289967499617286e+18 1.874336745930364e+34 
4.35434e+10 4.89571e+28 4.752774450392135e+18 2.612525142312010e+34 
6.07188e+10 7.33533e+28 5.223606315868612e+18 3.641450085443725e+34 
8.46718e+10 1.12265e+29 5.763065497366674e+18 5.075583429556962e+34 
1.18079e+11 1.59617e+29 6.233378867680080e+18 7.074655210727259e+34 
1.64671e+11 2.48292e+29 6.862443357484098e+18 9.860978610524454e+34 
2.29657e+11 3.63109e+29 7.448628492873340e+18 1.374471732450604e+35 
3.20300e+11 5.53365e+29 8.143486918498847e+18 1.915789298704261e+35 
4.46740e+11 8.20463e+29 8.845711243950154e+18 2.670293511654220e+35 
6.23125e+11 1.16422e+30 9.497885554052497e+18 3.722023255305943e+35 
8.69155e+11 1.50119e+30 9.957964812307661e+18 5.188132458168028e+35 
1.21216e+12 1.81238e+30 1.026726898738693e+19 7.231239391703771e+35 
1.69013e+12 2.00395e+30 1.040115928421035e+19 1.007762250827973e+36 
2.35671e+12 2.34476e+30 1.056897531813095e+19 1.404659943132170e+36 
3.28604e+12 3.56490e+30 1.098598488187619e+19 1.957852367001680e+36 
4.58213e+12 5.41158e+30 1.145775415603659e+19 2.728932809555530e+36 
6.38969e+12 8.37159e+30 1.199945900965452e+19 3.803699088259056e+36 
8.91079e+12 1.30808e+31 1.261753212760404e+19 5.301758711200138e+36 
1.24273e+13 2.04945e+31 1.331533648512357e+19 7.389784389124738e+36 
1.73329e+13 3.20463e+31 1.409496462098378e+19 1.030017677487331e+37 
2.41768e+13 4.99121e+31 1.495939455137691e+19 1.435680985098382e+37 
3.37257e+13 7.74221e+31 1.591334192217445e+19 2.001109979521525e+37 
4.70503e+13 1.20212e+32 1.697608600794879e+19 2.789226445990692e+37 
6.56464e+13 1.89274e+32 1.820344272744513e+19 3.887742837367155e+37 
9.16068e+13 3.09213e+32 1.972726711699721e+19 5.418951957857965e+37 
1.27862e+14 5.32130e+32 2.175422229226874e+19 7.553138900522570e+37 
1.78536e+14 9.11437e+32 2.422009506262438e+19 1.052869800059382e+38 
2.49483e+14 1.85872e+33 2.857021244064095e+19 1.467955889352985e+38 
3.49224e+14 5.72875e+33 4.104118829670357e+19 2.046533722064868e+38 
4.91254e+14 1.76732e+34 6.840182175569352e+19 2.852267265175354e+38 
6.97582e+14 4.74217e+34 1.155033526443433e+20 3.975025909786529e+38 
1.00551e+15 1.18539e+35 1.909299297624071e+20 5.540444229396294e+38 
1.48562e+15 3.06372e+35 3.183153258628935e+20 7.721420701521318e+38 
2.29075e+15 7.96220e+35 5.173161858423452e+20 1.076185816762858e+39 
3.73508e+15 1.86400e+36 7.615229896591321e+20 1.499741750323692e+39 
