500
1.65845e+04 2.03430e+19 9.999999999999999e-01 9.990663861289388e+27 
1.74570e+04 2.22855e+19 1.141299464050306e+14 1.051629969957156e+28 
1.83755e+04 2.44095e+19 2.326884318958918e+14 1.106959065990279e+28 
1.93423e+04 2.67317e+19 3.558321912674656e+14 1.165199175409706e+28 
2.03599e+04 2.92704e+19 4.837231020806730e+14 1.226503454424502e+28 
2.14311e+04 3.20453e+19 6.165283430351422e+14 1.291033117284847e+28 
2.25587e+04 3.50780e+19 7.544205493055026e+14 1.358957860279320e+28 
2.37456e+04 3.83922e+19 8.975779682522962e+14 1.430456307537292e+28 
2.49949e+04 4.20136e+19 1.046184618364987e+15 1.505716481485369e+28 
2.63099e+04 4.59701e+19 1.200430456138814e+15 1.584936296678627e+28 
2.76942e+04 5.02924e+19 1.360511544510282e+15 1.668324080468570e+28 
2.91512e+04 5.50137e+19 1.526630222588767e+15 1.756099121094976e+28 
3.06850e+04 6.01702e+19 1.698995282891630e+15 1.848492243912722e+28 
3.22994e+04 6.58015e+19 1.877822142804958e+15 1.945746418817265e+28 
3.39987e+04 7.19506e+19 2.063333035007546e+15 2.048117398678335e+28 
3.57875e+04 7.86645e+19 2.255757179752144e+15 2.155874392626138e+28 
3.76704e+04 8.59942e+19 2.455330984347462e+15 2.269300773358240e+28 
3.96523e+04 9.39953e+19 2.662298227653110e+15 2.388694822586907e+28 
4.17386e+04 1.02729e+20 2.876910246181281e+15 2.514370515719995e+28 
4.39346e+04 1.12260e+20 3.099426145281418e+15 2.646658346764798e+28 
4.62461e+04 1.22661e+20 3.330112982577328e+15 2.785906198299671e+28 
4.86792e+04 1.34010e+20 3.569245983618172e+15 2.932480255824202e+28 
5.12404e+04 1.46392e+20 3.817108729491006e+15 3.086765970706105e+28 
5.39363e+04 1.59901e+20 4.073993377890271e+15 3.249169074275671e+28 
5.67740e+04 1.74636e+20 4.340200861418130e+15 3.420116644205002e+28 
5.97611e+04 1.90707e+20 4.616041107434728e+15 3.600058228042054e+28 
6.29053e+04 2.08235e+20 4.901833237504065e+15 3.789467025068370e+28 
6.62149e+04 2.27348e+20 5.197905789469664e+15 3.988841131053397e+28 
6.96987e+04 2.48188e+20 5.504596932373957e+15 4.198704847620873e+28 
7.33657e+04 2.70910e+20 5.822254681807389e+15 4.419610061994045e+28 
7.72257e+04 2.95679e+20 6.151237113855973e+15 4.652137696859467e+28 
8.12888e+04 3.22678e+20 6.491912592391876e+15 4.896899239304623e+28 
8.55656e+04 3.52105e+20 6.844659970975112e+15 5.154538348241608e+28 
9.00675e+04 3.84174e+20 7.209868836713832e+15 5.425732547373207e+28 
9.48062e+04 4.19119e+20 7.587939697136489e+15 5.711195006565964e+28 
9.97942e+04 4.57195e+20 7.979284225462076e+15 6.011676417647441e+28 
1.05045e+05 4.98676e+20 8.384325460666758e+15 6.327966967994517e+28 
1.10571e+05 5.43863e+20 8.803498032491850e+15 6.660898419367877e+28 
1.16389e+05 5.93082e+20 9.237248373545174e+15 7.011346294286661e+28 
1.22512e+05 6.46686e+20 9.686034927526482e+15 7.380232180102746e+28 
1.28958e+05 7.05060e+20 1.015032836322328e+16 7.768526149243940e+28 
1.35743e+05 7.68622e+20 1.063061178504988e+16 8.177249313792287e+28 
1.42885e+05 8.37824e+20 1.112738093220987e+16 8.607476509920296e+28 
1.50403e+05 9.13159e+20 1.164114437776563e+16 9.060339121654420e+28 
1.58316e+05 9.95161e+20 1.217242373236913e+16 9.537028059418046e+28 
1.66645e+05 1.08441e+21 1.272175383498784e+16 1.003879689150664e+29 
1.75413e+05 1.18154e+21 1.328968293425360e+16 1.056696513841108e+29 
1.84642e+05 1.28722e+21 1.387677288112970e+16 1.112292174419988e+29 
1.94357e+05 1.40221e+21 1.448359929444161e+16 1.170812873127960e+29 
2.04582e+05 1.52729e+21 1.511075174071055e+16 1.232412503957876e+29 
2.15346e+05 1.66336e+21 1.575883389225337e+16 1.297253057924517e+29 
2.26676e+05 1.81134e+21 1.642846368653807e+16 1.365505048752114e+29 
2.38602e+05 1.97227e+21 1.712027347743208e+16 1.437347961278124e+29 
2.51156e+05 2.14726e+21 1.783491017510492e+16 1.512970723821875e+29 
2.64370e+05 2.33751e+21 1.857303537022671e+16 1.592572204312363e+29 
2.78279e+05 2.54432e+21 1.933532547413996e+16 1.676361733857358e+29 
2.92920e+05 2.76912e+21 2.012247182479146e+16 1.764559657171893e+29 
3.08332e+05 3.01342e+21 2.093518078500808e+16 1.857397911607484e+29 
3.24554e+05 3.27889e+21 2.177417386582699e+16 1.955120637684893e+29 
3.41630e+05 3.56733e+21 2.264018777421057e+16 2.057984820577432e+29 
3.59604e+05 3.88069e+21 2.353397451619008e+16 2.166260966260001e+29 
3.78524e+05 4.22106e+21 2.445630145594552e+16 2.280233812817877e+29 
3.98440e+05 4.59073e+21 2.540795135039765e+16 2.400203078834994e+29 
4.19403e+05 4.99217e+21 2.638972243871754e+16 2.526484252352054e+29 
4.41469e+05 5.42805e+21 2.740242842764610e+16 2.659409419823712e+29 
4.64697e+05 5.90124e+21 2.844689850066615e+16 2.799328139793809e+29 
4.89146e+05 6.41489e+21 2.952397739298834e+16 2.946608361879865e+29 
5.14882e+05 6.97236e+21 3.063452533101623e+16 3.101637394723474e+29 
5.41971e+05 7.57730e+21 3.177941804143111e+16 3.264822924043560e+29 
5.70486e+05 8.23368e+21 3.295954672544644e+16 3.436594085392185e+29 
6.00502e+05 8.94574e+21 3.417581801157025e+16 3.617402591956441e+29 
6.32096e+05 9.71811e+21 3.542915393524854e+16 3.807723922806063e+29 
6.65353e+05 1.05558e+22 3.672049184208490e+16 4.008058573600699e+29 
7.00360e+05 1.14641e+22 3.805078436773315e+16 4.218933371904824e+29 
7.37208e+05 1.24489e+22 3.942099934111218e+16 4.440902863536264e+29 
7.75996e+05 1.35165e+22 4.083211967086745e+16 4.674550770264718e+29 
8.16824e+05 1.46736e+22 4.228514329395363e+16 4.920491525107301e+29 
8.59800e+05 1.59276e+22 4.378108308389512e+16 5.179371887972060e+29 
9.05037e+05 1.72863e+22 4.532096668515470e+16 5.451872646743483e+29 
9.52655e+05 1.87583e+22 4.690583645435886e+16 5.738710407177158e+29 
1.00278e+06 2.03527e+22 4.853674927948576e+16 6.040639477756913e+29 
1.05554e+06 2.20796e+22 5.021477652930607e+16 6.358453853161244e+29 
1.11107e+06 2.39495e+22 5.194100387959604e+16 6.692989301965775e+29 
1.16953e+06 2.59740e+22 5.371653117740892e+16 7.045125565229614e+29 
1.23107e+06 2.81655e+22 5.554247231616361e+16 7.415788669791861e+29 
1.29584e+06 3.05374e+22 5.741995511526899e+16 7.805953361935009e+29 
1.36402e+06 3.31042e+22 5.935012115667029e+16 8.216645673437901e+29 
1.43578e+06 3.58814e+22 6.133412567328284e+16 8.648945618111876e+29 
1.51133e+06 3.88858e+22 6.337313740264518e+16 9.103990031504203e+29 
1.59084e+06 4.21353e+22 6.546833847122911e+16 9.582975562064996e+29 
1.67454e+06 4.56496e+22 6.762092425351113e+16 1.008716181719564e+30 
1.76265e+06 4.94494e+22 6.983210329028302e+16 1.061787467278432e+30 
1.85539e+06 5.35574e+22 7.210309710539346e+16 1.117650976682151e+30 
1.95301e+06 5.79978e+22 7.443514019845677e+16 1.176453616444981e+30 
2.05577e+06 6.27966e+22 7.682947985717016e+16 1.238350022103314e+30 
2.16393e+06 6.79820e+22 7.928737613192202e+16 1.303502964880360e+30 
2.27778e+06 7.35842e+22 8.181010174618798e+16 1.372083780282562e+30 
2.39763e+06 7.96357e+22 8.439894204249214e+16 1.444272817715138e+30 
2.52378e+06 8.61715e+22 8.705519489048392e+16 1.520259915618921e+30 
2.65657e+06 9.32292e+22 8.978017071682794e+16 1.600244900152157e+30 
2.79634e+06 1.00849e+23 9.257519244249270e+16 1.684438110990103e+30 
2.94347e+06 1.09075e+23 9.544159548311782e+16 1.773060954322647e+30 
3.09834e+06 1.17953e+23 9.838072778137213e+16 1.866346485111296e+30 
3.26136e+06 1.27534e+23 1.013939498038769e+17 1.964540019752891e+30 
3.43296e+06 1.37872e+23 1.044826346344609e+17 2.067899781752702e+30 
3.61358e+06 1.49024e+23 1.076481679875026e+17 2.176697580430802e+30 
3.80371e+06 1.61053e+23 1.108919483073561e+17 2.291219525382624e+30 
4.00385e+06 1.74026e+23 1.142153868886328e+17 2.411766779459824e+30 
4.21451e+06 1.88015e+23 1.176199080458204e+17 2.538656350598393e+30 
4.43626e+06 2.03097e+23 1.211069490617193e+17 2.672221925134374e+30 
4.66968e+06 2.19354e+23 1.246779606533127e+17 2.812814745537629e+30 
4.91537e+06 2.36877e+23 1.283344068343118e+17 2.960804534468533e+30 
5.17400e+06 2.55760e+23 1.320777653703891e+17 3.116580466289627e+30 
5.44623e+06 2.76106e+23 1.359095278503333e+17 3.280552191114675e+30 
5.73279e+06 2.98024e+23 1.398311999758941e+17 3.453150911655763e+30 
6.03443e+06 3.21634e+23 1.438443019111653e+17 3.634830517523115e+30 
6.35193e+06 3.47063e+23 1.479503683316330e+17 3.826068778772529e+30 
6.68615e+06 3.74445e+23 1.521509489847865e+17 4.027368601918340e+30 
7.03795e+06 4.03927e+23 1.564476088392310e+17 4.239259353068798e+30 
7.40826e+06 4.35665e+23 1.608419285049754e+17 4.462298249541043e+30 
7.79805e+06 4.69829e+23 1.653355045918114e+17 4.697071825360118e+30 
8.20836e+06 5.06597e+23 1.699299499621658e+17 4.944197473789930e+30 
8.64025e+06 5.46163e+23 1.746268943109199e+17 5.204325070796054e+30 
9.09487e+06 5.88735e+23 1.794279844140245e+17 5.478138683955258e+30 
9.57341e+06 6.34534e+23 1.843348846239053e+17 5.766358371591700e+30 
1.00771e+07 6.83799e+23 1.893492773817516e+17 6.069742076563850e+30 
1.06074e+07 7.36786e+23 1.944728634287495e+17 6.389087617923474e+30 
1.11655e+07 7.93768e+23 1.997073625674596e+17 6.725234792272953e+30 
1.17530e+07 8.55040e+23 2.050545139251350e+17 7.079067577876306e+30 
1.23714e+07 9.20915e+23 2.105160765757053e+17 7.451516463330694e+30 
1.30223e+07 9.91732e+23 2.160938299742810e+17 7.843560891267614e+30 
1.37075e+07 1.06785e+24 2.217895744866636e+17 8.256231836980359e+30 
1.44288e+07 1.14966e+24 2.276051319620119e+17 8.690614516575592e+30 
1.51880e+07 1.23758e+24 2.335423461654798e+17 9.147851243776660e+30 
1.59872e+07 1.33205e+24 2.396030835001976e+17 9.629144430801307e+30 
1.68284e+07 1.43354e+24 2.457892333368211e+17 1.013575975425219e+31 
1.77138e+07 1.54258e+24 2.521027087498898e+17 1.066902947942332e+31 
1.86459e+07 1.65971e+24 2.585454470583106e+17 1.123035596707668e+31 
1.96270e+07 1.78550e+24 2.651194102884172e+17 1.182121535789415e+31 
2.06598e+07 1.92060e+24 2.718265859622112e+17 1.244316145999327e+31 
2.17468e+07 2.06568e+24 2.786689874554476e+17 1.309782982716318e+31 
2.28911e+07 2.22146e+24 2.856486547738357e+17 1.378694206745772e+31 
2.40956e+07 2.38870e+24 2.927676550589681e+17 1.451231036625768e+31 
2.53635e+07 2.56824e+24 3.000280831894159e+17 1.527584225282669e+31 
2.66981e+07 2.76097e+24 3.074320624495580e+17 1.607954561499142e+31 
2.81029e+07 2.96783e+24 3.149817450536923e+17 1.692553398506667e+31 
2.95817e+07 3.18985e+24 3.226793128246156e+17 1.781603209093883e+31 
3.11383e+07 3.42810e+24 3.305269777727501e+17 1.875338170872336e+31 
3.27767e+07 3.68375e+24 3.385269826972614e+17 1.974004782483260e+31 
3.45014e+07 3.95806e+24 3.466816018897524e+17 2.077862511366548e+31 
3.63169e+07 4.25237e+24 3.549931415658214e+17 2.187184476066565e+31 
3.82279e+07 4.56809e+24 3.634639407170317e+17 2.302258165002312e+31 
4.02394e+07 4.90677e+24 3.720963715380760e+17 2.423386191737357e+31 
4.23568e+07 5.27005e+24 3.808928401319398e+17 2.550887091549687e+31 
4.45856e+07 5.65968e+24 3.898557871522349e+17 2.685096158319314e+31 
4.69318e+07 6.07754e+24 3.989876882858758e+17 2.826366327128932e+31 
4.94013e+07 6.52566e+24 4.082910550681084e+17 2.975069101323920e+31 
5.20009e+07 7.00617e+24 4.177684353103718e+17 3.131595530604231e+31 
5.47372e+07 7.52140e+24 4.274224138098260e+17 3.296357238466540e+31 
5.76175e+07 8.07381e+24 4.372556129915844e+17 3.469787505380598e+31 
6.06494e+07 8.66605e+24 4.472706933758378e+17 3.652342407445878e+31 
6.38409e+07 9.30094e+24 4.574703543962111e+17 3.844502016502850e+31 
6.72003e+07 9.98152e+24 4.678573347726729e+17 4.046771662179589e+31 
7.07365e+07 1.07110e+25 4.784344133065953e+17 4.259683260801595e+31 
7.44588e+07 1.14929e+25 4.892044093942694e+17 4.483796714249288e+31 
7.83769e+07 1.23309e+25 5.001701835806521e+17 4.719701382404286e+31 
8.25013e+07 1.32290e+25 5.113346383267078e+17 4.968017633069628e+31 
8.68427e+07 1.41914e+25 5.227007183364972e+17 5.229398473047180e+31 
9.14126e+07 1.52228e+25 5.342714114227724e+17 5.504531265637095e+31 
9.62230e+07 1.63278e+25 5.460497488936166e+17 5.794139538428573e+31 
1.01287e+08 1.75118e+25 5.580388062165016e+17 6.098984885430934e+31 
1.06617e+08 1.87804e+25 5.702417036374369e+17 6.419868970263024e+31 
1.12227e+08 2.01395e+25 5.826616065907949e+17 6.757635634685332e+31 
1.18133e+08 2.15955e+25 5.953017265405829e+17 7.113173116313731e+31 
1.24349e+08 2.31552e+25 6.081653212548285e+17 7.487416386071598e+31 
1.30893e+08 2.48259e+25 6.212556955623131e+17 7.881349606315130e+31 
1.37781e+08 2.66155e+25 6.345762018890830e+17 8.296008718289153e+31 
1.45032e+08 2.85322e+25 6.481302406628873e+17 8.732484167506282e+31 
1.52664e+08 3.05851e+25 6.619212611292773e+17 9.191923769859383e+31 
1.60698e+08 3.27838e+25 6.759527615760306e+17 9.675535731962026e+31 
1.69155e+08 3.51384e+25 6.902282902222296e+17 1.018459182746187e+32 
1.78057e+08 3.76599e+25 7.047514453837059e+17 1.072043074005451e+32 
1.87427e+08 4.03601e+25 7.195258762255172e+17 1.128446158617034e+32 
1.97291e+08 4.32514e+25 7.345552833455373e+17 1.187816762054094e+32 
2.07673e+08 4.63473e+25 7.498434190498921e+17 1.250311013490337e+32 
2.18602e+08 4.96621e+25 7.653940880672461e+17 1.316093256449066e+32 
2.30107e+08 5.32111e+25 7.812111479079359e+17 1.385336481051354e+32 
2.42216e+08 5.70107e+25 7.972985095114764e+17 1.458222778882873e+32 
2.54963e+08 6.10785e+25 8.136601375476216e+17 1.534943821977728e+32 
2.68382e+08 6.54333e+25 8.303000510165805e+17 1.615701366534597e+32 
2.82506e+08 7.00950e+25 8.472223237790463e+17 1.700707783920917e+32 
2.97373e+08 7.50851e+25 8.644310848037418e+17 1.790186618695668e+32 
3.13024e+08 8.04267e+25 8.819305187807688e+17 1.884373176939579e+32 
3.29497e+08 8.61441e+25 8.997248666229691e+17 1.983515144701126e+32 
3.46838e+08 9.22637e+25 9.178184256006651e+17 2.087873239264288e+32 
3.65092e+08 9.88134e+25 9.362155502552812e+17 2.197721895522854e+32 
3.84307e+08 1.05823e+26 9.549206522339822e+17 2.313349986575481e+32 
4.04532e+08 1.13325e+26 9.739382011490386e+17 2.435061584054213e+32 
4.25823e+08 1.21354e+26 9.932727247656946e+17 2.563176757766986e+32 
4.48234e+08 1.29946e+26 1.012928809379831e+18 2.698032417161606e+32 
4.71825e+08 1.39140e+26 1.032911100282682e+18 2.839983197477006e+32 
4.96657e+08 1.48978e+26 1.053224301891881e+18 2.989402392127127e+32 
5.22796e+08 1.59505e+26 1.073873178370578e+18 3.146682934571313e+32 
5.50312e+08 1.70769e+26 1.094862553764087e+18 3.312238431523769e+32 
5.79276e+08 1.82821e+26 1.116197312330487e+18 3.486504250876757e+32 
6.09764e+08 1.95716e+26 1.137882398950147e+18 3.669938666205842e+32 
6.41857e+08 2.09512e+26 1.159922819102887e+18 3.863024062036018e+32 
6.75640e+08 2.24272e+26 1.182323639547028e+18 4.066268202601490e+32 
7.11200e+08 2.40062e+26 1.205089988162919e+18 4.280205566852412e+32 
7.48633e+08 2.56954e+26 1.228227054399382e+18 4.505398754298050e+32 
7.88036e+08 2.75024e+26 1.251740089503467e+18 4.742439964245822e+32 
8.29514e+08 2.94354e+26 1.275634406361594e+18 4.991952553140370e+32 
8.73174e+08 3.15031e+26 1.299915380195964e+18 5.254592673886740e+32 
9.19134e+08 3.37147e+26 1.324588448170370e+18 5.531051001602977e+32 
9.67512e+08 3.60803e+26 1.349659109847411e+18 5.822054549431426e+32 
1.01844e+09 3.86105e+26 1.375132927195090e+18 6.128368580672647e+32 
1.07204e+09 4.13166e+26 1.401015524412215e+18 6.450798621283851e+32 
1.12847e+09 4.42107e+26 1.427312588496867e+18 6.790192577932602e+32 
1.18787e+09 4.73059e+26 1.454029868561467e+18 7.147442968415789e+32 
1.25040e+09 5.06160e+26 1.481173176425757e+18 7.523489268237263e+32 
1.31621e+09 5.41559e+26 1.508748386225722e+18 7.919320379836417e+32 
1.38550e+09 5.79412e+26 1.536761434335616e+18 8.335977236829648e+32 
1.45843e+09 6.19889e+26 1.565218319533844e+18 8.774555538150231e+32 
1.53519e+09 6.63171e+26 1.594125102433755e+18 9.236208628950638e+32 
1.61601e+09 7.09451e+26 1.623487905700183e+18 9.722150537577568e+32 
1.70107e+09 7.58933e+26 1.653312913582875e+18 1.023365916357583e+33 
1.79061e+09 8.11839e+26 1.683606371627669e+18 1.077207964119296e+33 
1.88487e+09 8.68403e+26 1.714374586814070e+18 1.133882787621244e+33 
1.98409e+09 9.28877e+26 1.745623926455474e+18 1.193539426764688e+33 
2.08854e+09 9.93527e+26 1.777360818706810e+18 1.256334763012679e+33 
2.19848e+09 1.06264e+27 1.809591751402670e+18 1.322433931761296e+33 
2.31421e+09 1.13652e+27 1.842323271945895e+18 1.392010756459474e+33 
2.43604e+09 1.21550e+27 1.875561986982193e+18 1.465248206043916e+33 
2.56428e+09 1.29992e+27 1.909314561157496e+18 1.542338875815241e+33 
2.69927e+09 1.39016e+27 1.943587717429504e+18 1.623485494136226e+33 
2.84137e+09 1.48661e+27 1.978388235653258e+18 1.708901455512574e+33 
2.99096e+09 1.58969e+27 2.013722952173510e+18 1.798811381486330e+33 
3.14841e+09 1.69987e+27 2.049598759239696e+18 1.893451711802400e+33 
3.31416e+09 1.81762e+27 2.086022603566105e+18 1.993071325772433e+33 
3.48864e+09 1.94346e+27 2.123001486335567e+18 2.097932197012982e+33 
3.67231e+09 2.07794e+27 2.160542461258279e+18 2.208310082192173e+33 
3.86564e+09 2.22164e+27 2.198652634426439e+18 2.324495246319300e+33 
4.06916e+09 2.37520e+27 2.237339162747817e+18 2.446793226075483e+33 
4.28339e+09 2.53928e+27 2.276609252718545e+18 2.575525633188396e+33 
4.50891e+09 2.71461e+27 2.316470159757197e+18 2.711031000314049e+33 
4.74630e+09 2.90193e+27 2.356929186087504e+18 2.853665671250727e+33 
4.99619e+09 3.10207e+27 2.397993680221864e+18 3.003804737786568e+33 
5.25924e+09 3.31590e+27 2.439671034755860e+18 3.161843026538774e+33 
5.53614e+09 3.54433e+27 2.481968685360382e+18 3.328196137002070e+33 
5.82763e+09 3.78837e+27 2.524894108957043e+18 3.503301534343898e+33 
6.13446e+09 4.04906e+27 2.568454821818687e+18 3.687619700189049e+33 
6.45746e+09 4.32752e+27 2.612658378271788e+18 3.881635342952355e+33 
6.79746e+09 4.62497e+27 2.657512368145745e+18 4.085858673312173e+33 
7.15538e+09 4.94267e+27 2.703024415306341e+18 4.300826745286070e+33 
7.53214e+09 5.28200e+27 2.749202175356011e+18 4.527104868665746e+33 
7.92875e+09 5.64441e+27 2.796053333185061e+18 4.765288095972759e+33 
8.34624e+09 6.03145e+27 2.843585601352991e+18 5.016002786929309e+33 
8.78572e+09 6.44478e+27 2.891806716612900e+18 5.279908255532337e+33 
9.24835e+09 6.88616e+27 2.940724438404564e+18 5.557698504350076e+33 
9.73535e+09 7.35749e+27 2.990346545601922e+18 5.850104049375990e+33 
1.02480e+10 7.86076e+27 3.040680833538583e+18 6.157893840416607e+33 
1.07877e+10 8.39811e+27 3.091735111966928e+18 6.481877284782622e+33 
1.13557e+10 8.97184e+27 3.143517200694692e+18 6.822906374049688e+33 
1.19537e+10 9.58436e+27 3.196034927640170e+18 7.181877925805597e+33 
1.25832e+10 1.02383e+28 3.249296124650957e+18 7.559735941477539e+33 
1.32459e+10 1.09364e+28 3.303308624178984e+18 7.957474088976320e+33 
1.39434e+10 1.16815e+28 3.358080256120248e+18 8.376138316298685e+33 
1.46778e+10 1.24769e+28 3.413618842880777e+18 8.816829599829371e+33 
1.54507e+10 1.33259e+28 3.469932196837432e+18 9.280706843817545e+33 
1.62645e+10 1.42321e+28 3.527028114758904e+18 9.768989923647735e+33 
1.71210e+10 1.51991e+28 3.584914374400370e+18 1.028296289615875e+34 
1.80227e+10 1.62312e+28 3.643598729761353e+18 1.082397737667936e+34 
1.89719e+10 1.73325e+28 3.703088905804004e+18 1.139345609184406e+34 
1.99712e+10 1.85077e+28 3.763392594487818e+18 1.199289662165227e+34 
2.10230e+10 1.97617e+28 3.824517448558241e+18 1.262387533862802e+34 
2.21303e+10 2.10997e+28 3.886471077002839e+18 1.328805155166990e+34 
2.32959e+10 2.25271e+28 3.949261039151803e+18 1.398717187203756e+34 
2.45229e+10 2.40500e+28 4.012894838367800e+18 1.472307480162956e+34 
2.58146e+10 2.56745e+28 4.077379917271814e+18 1.549769557439064e+34 
2.71743e+10 2.74074e+28 4.142723649418831e+18 1.631307124043934e+34 
2.86057e+10 2.92558e+28 4.208933334869146e+18 1.717134602536900e+34 
3.01125e+10 3.12272e+28 4.276016191492467e+18 1.807477696639789e+34 
3.16987e+10 3.33297e+28 4.343979348896525e+18 1.902573985230917e+34 
3.33684e+10 3.55719e+28 4.412829840772391e+18 2.002673546684489e+34 
3.51262e+10 3.79630e+28 4.482574596251038e+18 2.108039616752390e+34 
3.69766e+10 4.05125e+28 4.553220433452090e+18 2.218949280583795e+34 
3.89245e+10 4.32309e+28 4.624774049300366e+18 2.335694201691845e+34 
4.09750e+10 4.61291e+28 4.697242011783395e+18 2.458581388759714e+34 
4.31336e+10 4.92188e+28 4.770630750887011e+18 2.587934003079426e+34 
4.54059e+10 5.25124e+28 4.844946547771132e+18 2.724092208062102e+34 
4.77980e+10 5.60231e+28 4.920195526874725e+18 2.867414064363174e+34 
5.03162e+10 5.97649e+28 4.996383643469153e+18 3.018276471087748e+34 
5.29671e+10 6.37528e+28 5.073516674326834e+18 3.177076156882603e+34 
5.57577e+10 6.80027e+28 5.151600205984611e+18 3.344230723574471e+34 
5.86954e+10 7.25312e+28 5.230639622561603e+18 3.520179743838982e+34 
6.17879e+10 7.73565e+28 5.310640094847695e+18 3.705385917875306e+34 
6.50434e+10 8.24973e+28 5.391606565730321e+18 3.900336289431096e+34 
6.84705e+10 8.79740e+28 5.473543738850774e+18 4.105543527136508e+34 
7.20782e+10 9.38080e+28 5.556456063522772e+18 4.321547272504399e+34 
7.58761e+10 1.00022e+29 5.640347720459270e+18 4.548915558878670e+34 
7.98742e+10 1.06640e+29 5.725222607613635e+18 4.788246305527300e+34 
8.40830e+10 1.13689e+29 5.811084323023684e+18 5.040168889859088e+34 
8.85137e+10 1.21194e+29 5.897936150242732e+18 5.305345802564574e+34 
9.31780e+10 1.29185e+29 5.985781039798983e+18 5.584474389522973e+34 
9.80882e+10 1.37693e+29 6.074621591706318e+18 5.878288686176550e+34 
1.03257e+11 1.46750e+29 6.164460038137473e+18 6.187561347442468e+34 
1.08699e+11 1.56390e+29 6.255298221682281e+18 6.513105679225617e+34 
1.14427e+11 1.66651e+29 6.347137577680098e+18 6.855777778997817e+34 
1.20457e+11 1.77570e+29 6.439979111037491e+18 7.216478784141577e+34 
1.26806e+11 1.89189e+29 6.533823375062725e+18 7.596157244544789e+34 
1.33489e+11 2.01552e+29 6.628670448067746e+18 7.995811615306807e+34 
1.40524e+11 2.14704e+29 6.724519909157002e+18 8.416492883251233e+34 
1.47930e+11 2.28694e+29 6.821370813410876e+18 8.859307330072667e+34 
1.55727e+11 2.43574e+29 6.919221664437371e+18 9.325419441943781e+34 
1.63935e+11 2.59397e+29 7.018070387553480e+18 9.816054972532827e+34 
1.72576e+11 2.76224e+29 7.117914300182669e+18 1.033250416421270e+35 
1.81672e+11 2.94113e+29 7.218750081147469e+18 1.087612514529940e+35 
1.91248e+11 3.13130e+29 7.320573740411393e+18 1.144834749599961e+35 
2.01329e+11 3.33343e+29 7.423380582433181e+18 1.205067601014747e+35 
2.11942e+11 3.54825e+29 7.527165174326089e+18 1.268469465729578e+35 
2.23114e+11 3.77651e+29 7.631921306380404e+18 1.335207073947018e+35 
2.34876e+11 4.01902e+29 7.737641954813033e+18 1.405455928163829e+35 
2.47257e+11 4.27662e+29 7.844319240266812e+18 1.479400764566252e+35 
2.60292e+11 4.55023e+29 7.951944383374915e+18 1.557236038717461e+35 
2.74014e+11 4.84077e+29 8.060507662377079e+18 1.639166437126751e+35 
2.88460e+11 5.14925e+29 8.169998362922597e+18 1.725407415247532e+35 
3.03668e+11 5.47672e+29 8.280404728312003e+18 1.816185764393890e+35 
3.19678e+11 5.82427e+29 8.391713905898025e+18 1.911740208028907e+35 
3.36532e+11 6.19308e+29 8.503911890423944e+18 2.012322029203959e+35 
3.54275e+11 6.58437e+29 8.616983466051145e+18 2.118195731982945e+35 
3.72954e+11 6.99941e+29 8.730912155877416e+18 2.229639736521198e+35 
3.92619e+11 7.43953e+29 8.845679049409119e+18 2.346947093917508e+35 
4.13320e+11 7.89334e+29 8.958126753476334e+18 2.470425747321683e+35 
4.35113e+11 8.30767e+29 9.055734768702879e+18 2.600396621345320e+35 
4.58053e+11 8.62420e+29 9.126681958604579e+18 2.737198734401126e+35 
4.82201e+11 8.81454e+29 9.167381846182653e+18 2.881192570706095e+35 
5.07619e+11 8.89130e+29 9.183217947854653e+18 3.032760796377087e+35 
5.34376e+11 8.90728e+29 9.186274877363688e+18 3.192309124308870e+35 
5.62543e+11 8.92813e+29 9.190072675314352e+18 3.360260182780295e+35 
5.92192e+11 8.98068e+29 9.199092822109406e+18 3.537054719178247e+35 
6.23403e+11 9.12687e+29 9.222912113868777e+18 3.723155411213566e+35 
6.56257e+11 9.39462e+29 9.264585314253111e+18 3.919047636007856e+35 
6.90841e+11 9.72060e+29 9.312921027755643e+18 4.125242584280790e+35 
7.27246e+11 1.00068e+30 9.353264408331745e+18 4.342281691842319e+35 
7.65567e+11 1.02644e+30 9.387730834978066e+18 4.570738649827094e+35 
8.05907e+11 1.05395e+30 9.422701413748359e+18 4.811217705241107e+35 
8.48371e+11 1.08340e+30 9.458262278288480e+18 5.064350713958215e+35 
8.93070e+11 1.11479e+30 9.494268024828926e+18 5.330800220934345e+35 
9.40123e+11 1.14821e+30 9.530677653197408e+18 5.611267072293752e+35 
9.89654e+11 1.18375e+30 9.567477628573268e+18 5.906491299921617e+35 
1.04179e+12 1.22171e+30 9.604801920137034e+18 6.217248386917270e+35 
1.09668e+12 1.26240e+30 9.642809253794130e+18 6.544354210146133e+35 
1.15445e+12 1.30587e+30 9.681389440486676e+18 6.888670464563644e+35 
1.21527e+12 1.35239e+30 9.720605435760196e+18 7.251102343065723e+35 
1.27929e+12 1.40228e+30 9.760563788670579e+18 7.632602145195810e+35 
1.34668e+12 1.45568e+30 9.801190715038902e+18 8.034174196386658e+35 
1.41762e+12 1.51296e+30 9.842589267339995e+18 8.456873742119659e+35 
1.49229e+12 1.57437e+30 9.884754966363455e+18 8.901812706163400e+35 
1.57090e+12 1.64023e+30 9.927710929594786e+18 9.370161198245978e+35 
1.65365e+12 1.71089e+30 9.971496987506993e+18 9.863150685471462e+35 
1.74075e+12 1.78672e+30 1.001612827896620e+19 1.038207772460704e+36 
1.83244e+12 1.86810e+30 1.006163267047330e+19 1.092830689701694e+36 
1.92897e+12 1.95545e+30 1.010803306621293e+19 1.150327465052427e+36 
2.03057e+12 2.04921e+30 1.015534419281972e+19 1.210849311192447e+36 
2.13753e+12 2.14988e+30 1.020360395723480e+19 1.274555362146785e+36 
2.25012e+12 2.25796e+30 1.025282136144109e+19 1.341613166482112e+36 
2.36864e+12 2.37401e+30 1.030302271106968e+19 1.412199060394846e+36 
2.49340e+12 2.49860e+30 1.035421468553376e+19 1.486498688438223e+36 
2.62473e+12 2.63238e+30 1.040645320720176e+19 1.564707380207205e+36 
2.76299e+12 2.77602e+30 1.045971468752256e+19 1.647030876804897e+36 
2.90852e+12 2.93023e+30 1.051404731498371e+19 1.733685616553569e+36 
3.06172e+12 3.09580e+30 1.056945363568243e+19 1.824899508605247e+36 
3.22300e+12 3.27354e+30 1.062595978515003e+19 1.920912406626088e+36 
3.39276e+12 3.46433e+30 1.068357264841740e+19 2.021976823829960e+36 
3.57147e+12 3.66914e+30 1.074234526129007e+19 2.128358452250093e+36 
3.75960e+12 3.88895e+30 1.080225402680671e+19 2.240337139976166e+36 
3.95764e+12 4.12485e+30 1.086332594936575e+19 2.358207340762412e+36 
4.16611e+12 4.37800e+30 1.092556977868047e+19 2.482279046011578e+36 
4.38556e+12 4.64962e+30 1.098903624542829e+19 2.612878437810520e+36 
4.61658e+12 4.94104e+30 1.105372144849248e+19 2.750349010616163e+36 
4.85977e+12 5.25366e+30 1.111961366579879e+19 2.895052365661833e+36 
5.11577e+12 5.58900e+30 1.118679020303803e+19 3.047368841092226e+36 
5.38526e+12 5.94866e+30 1.125520627914818e+19 3.207699190061888e+36 
5.66896e+12 6.33437e+30 1.132492111627452e+19 3.376464893949237e+36 
5.96760e+12 6.74797e+30 1.139592818111921e+19 3.554109846401036e+36 
6.28198e+12 7.19145e+30 1.146824658203513e+19 3.741101204857520e+36 
6.61292e+12 7.66692e+30 1.154191225024366e+19 3.937930633531475e+36 
6.96131e+12 8.17664e+30 1.161693199998136e+19 4.145115790297706e+36 
7.32806e+12 8.72306e+30 1.169331631627963e+19 4.363201563827181e+36 
7.71414e+12 9.30878e+30 1.177109377416079e+19 4.592761432028067e+36 
8.12056e+12 9.93662e+30 1.185031170759884e+19 4.834398946303123e+36 
8.54841e+12 1.06096e+31 1.193095265505251e+19 5.088749768439624e+36 
8.99880e+12 1.13309e+31 1.201305227264660e+19 5.356482736002848e+36 
9.47294e+12 1.21041e+31 1.209667986310959e+19 5.638301671611391e+36 
9.97207e+12 1.29329e+31 1.218181523033785e+19 5.934947996924073e+36 
1.04975e+13 1.38215e+31 1.226851408892909e+19 6.247201687774143e+36 
1.10506e+13 1.47742e+31 1.235682765228946e+19 6.575883792334435e+36 
1.16329e+13 1.57957e+31 1.244676261340634e+19 6.921858913844866e+36 
1.22459e+13 1.68913e+31 1.253841267461878e+19 7.286036516389675e+36 
1.28913e+13 1.80666e+31 1.263177748381286e+19 7.669374696643301e+36 
1.35706e+13 1.93276e+31 1.272695770273875e+19 8.072881167447553e+36 
1.42858e+13 2.06811e+31 1.282398628074464e+19 8.497617293219556e+36 
1.50386e+13 2.21341e+31 1.292293158170106e+19 8.944700032264087e+36 
1.58312e+13 2.36948e+31 1.302391022792724e+19 9.415304674547045e+36 
1.66655e+13 2.53717e+31 1.312694294957329e+19 9.910669417209001e+36 
1.75439e+13 2.71742e+31 1.323215045961186e+19 1.043209663774582e+37 
1.84686e+13 2.91128e+31 1.333965409968710e+19 1.098095727527807e+37 
1.94420e+13 3.11988e+31 1.344952317842986e+19 1.155869513924058e+37 
2.04668e+13 3.34448e+31 1.356188480722193e+19 1.216682941925291e+37 
2.15456e+13 3.58645e+31 1.367686707782485e+19 1.280695933536804e+37 
2.26814e+13 3.84729e+31 1.379463817836132e+19 1.348076779247439e+37 
2.38771e+13 4.12868e+31 1.391528797286839e+19 1.419002755728355e+37 
2.51358e+13 4.43243e+31 1.403900312852972e+19 1.493660336111698e+37 
2.64609e+13 4.76055e+31 1.416595502168515e+19 1.572245840654202e+37 
2.78560e+13 5.11525e+31 1.429631598615357e+19 1.654965932479358e+37 
2.93247e+13 5.49895e+31 1.443025125968919e+19 1.742038178430676e+37 
3.08709e+13 5.91429e+31 1.456797698083218e+19 1.833691508133701e+37 
3.24987e+13 6.36418e+31 1.470967071612570e+19 1.930166981221328e+37 
3.42124e+13 6.85176e+31 1.485552450413246e+19 2.031718318735058e+37 
3.60166e+13 7.38045e+31 1.500578101439924e+19 2.138612469708004e+37 
3.79160e+13 7.95396e+31 1.516056724932444e+19 2.251130690233940e+37 
3.99157e+13 8.57627e+31 1.532013148379549e+19 2.369568724963432e+37 
4.20209e+13 9.25172e+31 1.548460148003162e+19 2.494238189401603e+37 
4.42374e+13 9.98509e+31 1.565425195669544e+19 2.625466761715818e+37 
4.65709e+13 1.07820e+32 1.582933107093115e+19 2.763599668700939e+37 
4.90277e+13 1.16493e+32 1.601032711594546e+19 2.909000124908424e+37 
5.16143e+13 1.25961e+32 1.619798540330790e+19 3.062050465493892e+37 
5.43375e+13 1.36334e+32 1.639326260054718e+19 3.223153210594486e+37 
5.72047e+13 1.47740e+32 1.659720933268981e+19 3.392732014182190e+37 
6.02234e+13 1.60318e+32 1.681081480110562e+19 3.571232842742009e+37 
6.34017e+13 1.74217e+32 1.703498282086097e+19 3.759125084122699e+37 
6.67480e+13 1.89592e+32 1.727051905170792e+19 3.956902800389178e+37 
7.02714e+13 2.06603e+32 1.751804051383501e+19 4.165086112901800e+37 
7.39812e+13 2.25405e+32 1.777787728839306e+19 4.384222495231079e+37 
7.78873e+13 2.45735e+32 1.804461840534649e+19 4.614885344534367e+37 
8.20003e+13 2.71537e+32 1.836609163368044e+19 4.857687568231883e+37 
8.63312e+13 3.00497e+32 1.870886921925800e+19 5.113263594137551e+37 
9.08919e+13 3.33112e+32 1.907545204763164e+19 5.382286267912779e+37 
9.56945e+13 3.69928e+32 1.946840254512564e+19 5.665462848133450e+37 
1.00752e+14 4.11584e+32 1.989058080375466e+19 5.963538219197461e+37 
1.06078e+14 4.58836e+32 2.034532612222729e+19 6.277296050121006e+37 
1.11688e+14 5.12576e+32 2.083638950187727e+19 6.607561642403194e+37 
1.17596e+14 5.73862e+32 2.136811888336295e+19 6.955203230511433e+37 
1.23818e+14 6.43942e+32 2.194537649710887e+19 7.321135313430152e+37 
1.30373e+14 7.24294e+32 2.257369569908548e+19 7.706320439144539e+37 
1.37276e+14 8.20530e+32 2.328783798435011e+19 8.111733950338441e+37 
1.44546e+14 9.53878e+32 2.422740256839844e+19 8.538250622477093e+37 
1.52210e+14 1.08106e+33 2.507825891175776e+19 8.987452929654045e+37 
1.60286e+14 1.22423e+33 2.598699010237880e+19 9.460327413956195e+37 
1.68798e+14 1.39171e+33 2.699573479779850e+19 9.958215914953124e+37 
1.77774e+14 1.58542e+33 2.810280479862004e+19 1.048259612904847e+38 
1.87225e+14 1.80959e+33 2.931835126388951e+19 1.103401794735865e+38 
1.97176e+14 2.06951e+33 3.065543065310796e+19 1.161381475487217e+38 
2.07679e+14 2.36978e+33 3.212073407098337e+19 1.222483833423465e+38 
2.18753e+14 2.71196e+33 3.370438511349258e+19 1.286796341679880e+38 
2.30431e+14 3.10473e+33 3.542814083355231e+19 1.354490472929013e+38 
2.42762e+14 3.55798e+33 3.731399331143163e+19 1.425829245583848e+38 
2.55752e+14 4.08217e+33 3.938144561080625e+19 1.500809752231861e+38 
2.69473e+14 4.68884e+33 4.164905246479342e+19 1.579827394638132e+38 
2.83943e+14 5.39170e+33 4.413830200685404e+19 1.662932702123844e+38 
2.99211e+14 6.20566e+33 4.686900612232535e+19 1.750370226172792e+38 
3.15331e+14 7.15003e+33 4.986941495966181e+19 1.842392778885594e+38 
3.32378e+14 8.24569e+33 5.316494296091612e+19 1.939363210696702e+38 
3.50392e+14 9.51651e+33 5.678226023653338e+19 2.041445259145389e+38 
3.69428e+14 1.09908e+34 6.075212138682134e+19 2.148862021609719e+38 
3.89572e+14 1.27007e+34 6.510606495057490e+19 2.262004389024277e+38 
4.10846e+14 1.46817e+34 6.987391311443920e+19 2.380892772585219e+38 
4.33388e+14 1.69801e+34 7.510004470403157e+19 2.506169382578032e+38 
4.57258e+14 1.96452e+34 8.082225181394172e+19 2.638022354204982e+38 
4.82559e+14 2.27348e+34 8.708229786398784e+19 2.776844603829324e+38 
5.09379e+14 2.63135e+34 9.392112374745371e+19 2.922939694868455e+38 
5.37831e+14 3.04564e+34 1.013825705280782e+20 3.076694016833054e+38 
5.68042e+14 3.52573e+34 1.095261925516759e+20 3.238539743914210e+38 
6.00169e+14 4.08137e+34 1.183958335416263e+20 3.409035097702012e+38 
6.34297e+14 4.72413e+34 1.280432379806400e+20 3.588287505663761e+38 
6.70646e+14 5.46822e+34 1.385353073726292e+20 3.777084572314153e+38 
7.09391e+14 6.32888e+34 1.499248949998668e+20 3.975887548840937e+38 
7.50682e+14 7.32354e+34 1.622658844027082e+20 4.184975392901531e+38 
7.94797e+14 8.47409e+34 1.756350969863852e+20 4.405192930213373e+38 
8.41956e+14 9.80394e+34 1.900897173993566e+20 4.636986908888734e+38 
8.92424e+14 1.13400e+35 2.056884603121926e+20 4.880933210147011e+38 
9.46529e+14 1.31158e+35 2.225131439639296e+20 5.137785404310203e+38 
1.00457e+15 1.51665e+35 2.406173791449205e+20 5.408022014684230e+38 
1.06699e+15 1.75357e+35 2.600759078619430e+20 5.692623082951315e+38 
1.13415e+15 2.02724e+35 2.809559961369305e+20 5.992059003443669e+38 
1.20659e+15 2.34346e+35 3.033309194648519e+20 6.307358743243845e+38 
1.28482e+15 2.70859e+35 3.272514506676849e+20 6.639150342817408e+38 
1.36948e+15 3.13049e+35 3.527968737280061e+20 6.988527163935662e+38 
1.46123e+15 3.61777e+35 3.800150413587973e+20 7.356182331986297e+38 
1.56089e+15 4.18065e+35 4.089658046656258e+20 7.743236968732839e+38 
1.66933e+15 4.83091e+35 4.397011468749598e+20 8.150624224343100e+38 
1.78758e+15 5.58216e+35 4.722669114602971e+20 8.579526327286313e+38 
1.91682e+15 6.45018e+35 5.067053896626126e+20 9.031096701260209e+38 
2.05825e+15 7.45322e+35 5.430514905712865e+20 9.506207862864099e+38 
2.21329e+15 8.61144e+35 5.813026098443504e+20 1.000583172193579e+39 
2.38390e+15 9.95076e+35 6.215299640100804e+20 1.053212026698672e+39 
2.57209e+15 1.14991e+36 6.637298630893720e+20 1.108663590491713e+39 
2.77980e+15 1.32888e+36 7.078945311263350e+20 1.166995612864557e+39 
3.00966e+15 1.53575e+36 7.540152530321055e+20 1.228383312442633e+39 
3.26477e+15 1.77489e+36 8.020820368737455e+20 1.293033356747567e+39 
