500
1.65767e+08 3.35188e+25 9.999999999999999e-01 9.988188100428116e+31 
1.71590e+08 3.51176e+25 9.476435903027834e+15 1.033902153608501e+32 
1.77619e+08 3.67911e+25 1.905928395110501e+16 1.070218866702022e+32 
1.83860e+08 3.85463e+25 2.876894483160211e+16 1.107810982355968e+32 
1.90319e+08 4.03842e+25 3.859114749632359e+16 1.146721359486440e+32 
1.97006e+08 4.23045e+25 4.850494712845739e+16 1.187001275081925e+32 
2.03927e+08 4.43151e+25 5.853308781810523e+16 1.228694621731041e+32 
2.11092e+08 4.64260e+25 6.870392679817002e+16 1.271852423517227e+32 
2.18508e+08 4.86295e+25 7.896044196282382e+16 1.316526182903733e+32 
2.26186e+08 5.09384e+25 8.934252535848962e+16 1.362770147044579e+32 
2.34132e+08 5.33588e+25 9.985673324087902e+16 1.410636825001610e+32 
2.42359e+08 5.58897e+25 1.104777869554753e+17 1.460186435596396e+32 
2.50874e+08 5.85366e+25 1.212086946531270e+17 1.511476136172286e+32 
2.59688e+08 6.13154e+25 1.320919930457416e+17 1.564566431781281e+32 
2.68812e+08 6.42154e+25 1.430642097299632e+17 1.619521929036684e+32 
2.78257e+08 6.72573e+25 1.541828048723110e+17 1.676407628692493e+32 
2.88033e+08 7.04421e+25 1.654285184853847e+17 1.735291916571982e+32 
2.98153e+08 7.37712e+25 1.767845181392524e+17 1.796245024070246e+32 
3.08629e+08 7.72583e+25 1.882758105591436e+17 1.859338012853870e+32 
3.19473e+08 8.09123e+25 1.999083174464316e+17 1.924647408249012e+32 
3.30697e+08 8.47288e+25 2.116458889471624e+17 1.992251297697855e+32 
3.42317e+08 8.87307e+25 2.235357925240892e+17 2.062229428465596e+32 
3.54344e+08 9.29159e+25 2.355480407220634e+17 2.134666099076994e+32 
3.66794e+08 9.72943e+25 2.476883541544629e+17 2.209646040274989e+32 
3.79682e+08 1.01878e+26 2.599672583024762e+17 2.287259918402378e+32 
3.93022e+08 1.06676e+26 2.723823068364690e+17 2.367600969798785e+32 
4.06831e+08 1.11699e+26 2.849390388905868e+17 2.450763371922444e+32 
4.21126e+08 1.16956e+26 2.976344952425305e+17 2.536846702238101e+32 
4.35923e+08 1.22460e+26 3.104747620156724e+17 2.625953382141741e+32 
4.51239e+08 1.28219e+26 3.234563645796111e+17 2.718190620630256e+32 
4.67094e+08 1.34250e+26 3.365865260979624e+17 2.813667617613320e+32 
4.83507e+08 1.40550e+26 3.498385688852986e+17 2.912498292358161e+32 
5.00495e+08 1.47153e+26 3.632565700723066e+17 3.014800297505298e+32 
5.18081e+08 1.54050e+26 3.767949382167924e+17 3.120696042583620e+32 
5.36285e+08 1.61289e+26 3.905230928816843e+17 3.230310024204210e+32 
5.55129e+08 1.68841e+26 4.043581082788143e+17 3.343776256823751e+32 
5.74634e+08 1.76754e+26 4.183620912592067e+17 3.461226759127540e+32 
5.94826e+08 1.85046e+26 4.325389879041916e+17 3.582802781940557e+32 
6.15726e+08 1.93698e+26 4.468292963179705e+17 3.708649526357250e+32 
6.37362e+08 2.02770e+26 4.613052907754753e+17 3.838917026717304e+32 
6.59757e+08 2.12256e+26 4.759274983369975e+17 3.973758821746028e+32 
6.82940e+08 2.22174e+26 4.906959868347256e+17 4.113338183144150e+32 
7.06937e+08 2.32554e+26 5.056283742642454e+17 4.257819762233652e+32 
7.31778e+08 2.43438e+26 5.207531135655025e+17 4.407376568941281e+32 
7.57491e+08 2.54790e+26 5.359937487517327e+17 4.562186201427721e+32 
7.84109e+08 2.66701e+26 5.514424124090966e+17 4.722434935583914e+32 
8.11661e+08 2.79133e+26 5.670187218009404e+17 4.888310230631930e+32 
8.40182e+08 2.92185e+26 5.828159953283288e+17 5.060013236188362e+32 
8.69705e+08 3.05800e+26 5.987362381165460e+17 5.237746694312688e+32 
9.00266e+08 3.20015e+26 6.147938516385670e+17 5.421723391905812e+32 
9.31901e+08 3.34927e+26 6.310666428963232e+17 5.612162986864718e+32 
9.64647e+08 3.50531e+26 6.475158314255436e+17 5.809291208124637e+32 
9.98545e+08 3.66817e+26 6.641013458653203e+17 6.013343807064433e+32 
1.03363e+09 3.83951e+26 6.809581573430120e+17 6.224562981290166e+32 
1.06996e+09 4.01778e+26 6.979022315283639e+17 6.443202771043805e+32 
1.10755e+09 4.20460e+26 7.150550765606305e+17 6.669520894029854e+32 
1.14647e+09 4.40003e+26 7.323895731809153e+17 6.903788589459917e+32 
1.18676e+09 4.60429e+26 7.498916807030693e+17 7.146285456367915e+32 
1.22846e+09 4.81805e+26 7.675862764606556e+17 7.397300241226630e+32 
1.27163e+09 5.04150e+26 7.854548776215135e+17 7.657131431854923e+32 
1.31632e+09 5.27559e+26 8.035390184246190e+17 7.926090276271715e+32 
1.36258e+09 5.52009e+26 8.217854752059628e+17 8.204494972348240e+32 
1.41046e+09 5.77587e+26 8.402264020862796e+17 8.492679491201304e+32 
1.46003e+09 6.04346e+26 8.588632511733379e+17 8.790986493389217e+32 
1.51133e+09 6.32340e+26 8.776984347126172e+17 9.099771246448606e+32 
1.56445e+09 6.61626e+26 8.967340328735529e+17 9.419402199407925e+32 
1.61942e+09 6.92264e+26 9.159718132648050e+17 9.750260616065110e+32 
1.67633e+09 7.24283e+26 9.353946313195892e+17 1.009274028522300e+33 
1.73524e+09 7.57683e+26 9.549664994402013e+17 1.044724554889806e+33 
1.79623e+09 7.92759e+26 9.748228708670313e+17 1.081421242837464e+33 
1.85935e+09 8.29362e+26 9.948404221260728e+17 1.119407155443897e+33 
1.92469e+09 8.67699e+26 1.015094133037843e+18 1.158725176646909e+33 
1.99233e+09 9.07800e+26 1.035560809054879e+18 1.199426897291350e+33 
2.06235e+09 9.49567e+26 1.056153377728345e+18 1.241555505224252e+33 
2.13483e+09 9.93412e+26 1.077036659117762e+18 1.285165616420645e+33 
2.20985e+09 1.03919e+27 1.098102249899715e+18 1.330306905065131e+33 
2.28752e+09 1.08720e+27 1.119443106953734e+18 1.377035586359552e+33 
2.36791e+09 1.13715e+27 1.140890469355511e+18 1.425402579419719e+33 
2.45113e+09 1.18956e+27 1.162632512383980e+18 1.475471222534346e+33 
2.53727e+09 1.24430e+27 1.184569197045985e+18 1.527296853153368e+33 
2.62645e+09 1.30153e+27 1.206723176427163e+18 1.580944496676506e+33 
2.71875e+09 1.36147e+27 1.229138845224709e+18 1.636474872334317e+33 
2.81430e+09 1.42387e+27 1.251685664477121e+18 1.693955878964245e+33 
2.91321e+09 1.48945e+27 1.274571888620509e+18 1.753456972526131e+33 
3.01560e+09 1.55783e+27 1.297628411590155e+18 1.815047336026789e+33 
3.12158e+09 1.62931e+27 1.320910148808032e+18 1.878801481419129e+33 
3.23129e+09 1.70401e+27 1.344416716413982e+18 1.944793760302006e+33 
3.34486e+09 1.78227e+27 1.368203596529089e+18 2.013106207401097e+33 
3.46242e+09 1.86389e+27 1.392171023426466e+18 2.083816252344606e+33 
3.58412e+09 1.94934e+27 1.416412475161728e+18 2.157010665269893e+33 
3.71009e+09 2.03870e+27 1.440899745422440e+18 2.232776841913359e+33 
3.84049e+09 2.13207e+27 1.465617799268574e+18 2.311202470022418e+33 
3.97547e+09 2.22966e+27 1.490577717167507e+18 2.392383971334931e+33 
4.11520e+09 2.33157e+27 1.515754620675368e+18 2.476417838479811e+33 
4.25984e+09 2.43816e+27 1.541195775794593e+18 2.563401413976799e+33 
4.40956e+09 2.54957e+27 1.566883551945085e+18 2.653442083047305e+33 
4.56455e+09 2.66616e+27 1.592850576928207e+18 2.746644738349635e+33 
4.72499e+09 2.78785e+27 1.619035117752587e+18 2.843120907087193e+33 
4.89107e+09 2.91509e+27 1.645483072450922e+18 2.942986660306716e+33 
5.06298e+09 3.04814e+27 1.672201049054917e+18 3.046359480554659e+33 
5.24094e+09 3.18726e+27 1.699188604961831e+18 3.153362455139476e+33 
5.42516e+09 3.33225e+27 1.726358401013429e+18 3.264125593427313e+33 
5.61585e+09 3.48435e+27 1.753893479804023e+18 3.378778530012908e+33 
5.81325e+09 3.64267e+27 1.781581298365929e+18 3.497458365595507e+33 
6.01759e+09 3.80868e+27 1.809626656747329e+18 3.620307701343235e+33 
6.22911e+09 3.98170e+27 1.837865147214522e+18 3.747471910920481e+33 
6.44806e+09 4.16314e+27 1.866471171919930e+18 3.879102698513094e+33 
6.67472e+09 4.35172e+27 1.895194068787305e+18 4.015356412438220e+33 
6.90935e+09 4.55003e+27 1.924371767979953e+18 4.156396844921945e+33 
7.15222e+09 4.75614e+27 1.953667883763718e+18 4.302391194397261e+33 
7.40363e+09 4.97221e+27 1.983335815795101e+18 4.453513252674657e+33 
7.66389e+09 5.19741e+27 2.013208739196931e+18 4.609944818948700e+33 
7.93329e+09 5.43355e+27 2.043466608714086e+18 4.771869863757578e+33 
8.21216e+09 5.67936e+27 2.073896273257823e+18 4.939482776203239e+33 
8.50084e+09 5.93628e+27 2.104618553856893e+18 5.112982018786565e+33 
8.79968e+09 6.20506e+27 2.135669041091960e+18 5.292577248054206e+33 
9.10901e+09 6.48618e+27 2.167041657795471e+18 5.478479908487538e+33 
9.42923e+09 6.77947e+27 2.198660554852338e+18 5.670912799751301e+33 
9.76070e+09 7.08605e+27 2.230588487294721e+18 5.870104233669853e+33 
1.01038e+10 7.40559e+27 2.262737283027615e+18 6.076293430004948e+33 
1.04590e+10 7.73965e+27 2.295204032577800e+18 6.289725373840884e+33 
1.08267e+10 8.08914e+27 2.328017083432094e+18 6.510652630553718e+33 
1.12073e+10 8.45422e+27 2.361130214342808e+18 6.739340625185520e+33 
1.16013e+10 8.83496e+27 2.394490302965771e+18 6.976060720848678e+33 
1.20092e+10 9.23278e+27 2.428162589544760e+18 7.221096137429227e+33 
1.24314e+10 9.64847e+27 2.462151849015145e+18 7.474739228983628e+33 
1.28684e+10 1.00826e+28 2.496444390976666e+18 7.737291632393664e+33 
1.33208e+10 1.05356e+28 2.531009153469191e+18 8.009065187645248e+33 
1.37891e+10 1.10094e+28 2.565939488276320e+18 8.290385103415311e+33 
1.42739e+10 1.15045e+28 2.601195610925300e+18 8.581586948273385e+33 
1.47758e+10 1.20200e+28 2.636652717274831e+18 8.883017396651448e+33 
1.52952e+10 1.25593e+28 2.672491540973734e+18 9.195034981409504e+33 
1.58330e+10 1.31232e+28 2.708693397554320e+18 9.518012222369094e+33 
1.63897e+10 1.37097e+28 2.745063502678727e+18 9.852335162375504e+33 
1.69659e+10 1.43240e+28 2.781866622523365e+18 1.019840000180650e+34 
1.75624e+10 1.49655e+28 2.818993206642828e+18 1.055661994024033e+34 
1.81799e+10 1.56344e+28 2.856390398220660e+18 1.092742284769751e+34 
1.88191e+10 1.63338e+28 2.894163989623016e+18 1.131125774605823e+34 
1.94807e+10 1.70622e+28 2.932164918054446e+18 1.170856170885208e+34 
2.01657e+10 1.78241e+28 2.970561899316707e+18 1.211983543869991e+34 
2.08747e+10 1.86204e+28 3.009335086970514e+18 1.254554995154785e+34 
2.16087e+10 1.94484e+28 3.048277430089158e+18 1.298620255911918e+34 
2.23685e+10 2.03158e+28 3.087687745491258e+18 1.344235175700245e+34 
2.31550e+10 2.12208e+28 3.127411826661547e+18 1.391451544159162e+34 
2.39692e+10 2.21655e+28 3.167465875297838e+18 1.440325842814540e+34 
2.48120e+10 2.31495e+28 3.207772658745147e+18 1.490918539464986e+34 
2.56844e+10 2.41775e+28 3.248449660790318e+18 1.543286527221014e+34 
2.65876e+10 2.52518e+28 3.289512715963506e+18 1.597495477401136e+34 
2.75225e+10 2.63716e+28 3.330864111189278e+18 1.653608290981907e+34 
2.84902e+10 2.75415e+28 3.372591965373474e+18 1.711690864235327e+34 
2.94921e+10 2.87623e+28 3.414659622296368e+18 1.771815536443341e+34 
3.05291e+10 3.00351e+28 3.457028474243131e+18 1.834050299238011e+34 
3.16027e+10 3.13617e+28 3.499688482500308e+18 1.898471815528541e+34 
3.27140e+10 3.27498e+28 3.542807910291990e+18 1.965156639977425e+34 
3.38644e+10 3.41976e+28 3.586255920388027e+18 2.034183307225138e+34 
3.50553e+10 3.57071e+28 3.630014213970715e+18 2.105634397792895e+34 
3.62880e+10 3.72802e+28 3.674067237692820e+18 2.179594786439901e+34 
3.75641e+10 3.89243e+28 3.718543533585273e+18 2.256153811391753e+34 
3.88851e+10 4.06396e+28 3.763368340844597e+18 2.335401555346701e+34 
4.02526e+10 4.24263e+28 3.808473894318455e+18 2.417432765475122e+34 
4.16682e+10 4.42910e+28 3.853946876726947e+18 2.502347154487287e+34 
4.31336e+10 4.62372e+28 3.899796009722608e+18 2.590242201630346e+34 
4.46505e+10 4.82690e+28 3.946036633645714e+18 2.681224742057460e+34 
4.62208e+10 5.03820e+28 3.992489389210072e+18 2.775403559247011e+34 
4.78463e+10 5.25898e+28 4.039375817624149e+18 2.872890442708723e+34 
4.95290e+10 5.48971e+28 4.086711227762644e+18 2.973801429990616e+34 
5.12709e+10 5.72959e+28 4.134252328482131e+18 3.078257488979656e+34 
5.30741e+10 5.98009e+28 4.182209197644974e+18 3.186381010343544e+34 
5.49407e+10 6.24138e+28 4.230532987383298e+18 3.298304994097209e+34 
5.68730e+10 6.51363e+28 4.279171580671132e+18 3.414157362856939e+34 
5.88733e+10 6.79754e+28 4.328170787856766e+18 3.534081672073044e+34 
6.09440e+10 7.09380e+28 4.377562779668102e+18 3.658216521045701e+34 
6.30875e+10 7.40214e+28 4.427222399412180e+18 3.786713424756641e+34 
6.53064e+10 7.72472e+28 4.477408574884471e+18 3.919723141261908e+34 
6.76034e+10 8.05980e+28 4.527767562929874e+18 4.057403513530218e+34 
6.99812e+10 8.41006e+28 4.578619664787065e+18 4.199921095434607e+34 
7.24427e+10 8.77455e+28 4.629738906856309e+18 4.347445376614487e+34 
7.49907e+10 9.15433e+28 4.681192869880564e+18 4.500149631409411e+34 
7.76285e+10 9.55098e+28 4.733105494094186e+18 4.658220195633931e+34 
8.03590e+10 9.96384e+28 4.785302131550048e+18 4.821840671957259e+34 
8.31856e+10 1.03946e+29 4.837914066607647e+18 4.991210077536683e+34 
8.61117e+10 1.08423e+29 4.890726183060837e+18 5.166527074809677e+34 
8.91407e+10 1.13109e+29 4.944135358409708e+18 5.348003910390976e+34 
9.22763e+10 1.17973e+29 4.997688090841837e+18 5.535853676055182e+34 
9.55223e+10 1.23044e+29 5.051624452572579e+18 5.730303282469030e+34 
9.88824e+10 1.28332e+29 5.105951319907927e+18 5.931580721238204e+34 
1.02361e+11 1.33847e+29 5.160686785310558e+18 6.139930131044743e+34 
1.05962e+11 1.39591e+29 5.215750323614143e+18 6.355598115637343e+34 
1.09689e+11 1.45574e+29 5.271160250475406e+18 6.578839854117865e+34 
1.13548e+11 1.51796e+29 5.326829867872437e+18 6.809923717990521e+34 
1.17542e+11 1.58282e+29 5.382885468486214e+18 7.049124048059942e+34 
1.21677e+11 1.65043e+29 5.439327081380483e+18 7.296727658812958e+34 
1.25958e+11 1.72091e+29 5.496171212828372e+18 7.553027177781648e+34 
1.30389e+11 1.79409e+29 5.553180164830702e+18 7.818331157009012e+34 
1.34976e+11 1.87047e+29 5.610667856179135e+18 8.092953104805375e+34 
1.39725e+11 1.94999e+29 5.668473070781224e+18 8.377219969088767e+34 
1.44640e+11 2.03267e+29 5.726541395367974e+18 8.671473141910274e+34 
1.49729e+11 2.11890e+29 5.785042098524562e+18 8.976062874780983e+34 
1.54997e+11 2.20881e+29 5.843959351456139e+18 9.291349922655276e+34 
1.60450e+11 2.30211e+29 5.903028254603411e+18 9.617712087187521e+34 
1.66095e+11 2.39947e+29 5.962567953265052e+18 9.955537903746465e+34 
1.71939e+11 2.50063e+29 6.022328344602852e+18 1.030522822121020e+35 
1.77988e+11 2.60609e+29 6.082508795074689e+18 1.066721247120328e+35 
1.84250e+11 2.71588e+29 6.143035008859353e+18 1.104189393774792e+35 
1.90733e+11 2.82993e+29 6.203768365133988e+18 1.142973919427999e+35 
1.97444e+11 2.94895e+29 6.264994724588427e+18 1.183121451048381e+35 
2.04391e+11 3.07244e+29 6.326361024701445e+18 1.224679384713231e+35 
2.11583e+11 3.20106e+29 6.388100930897113e+18 1.267697034633840e+35 
2.19027e+11 3.33499e+29 6.450210476758270e+18 1.312225674272305e+35 
2.26734e+11 3.47439e+29 6.512650409719563e+18 1.358317871980458e+35 
2.34712e+11 3.61935e+29 6.575377817201111e+18 1.406028817966162e+35 
2.42971e+11 3.76987e+29 6.638298681347121e+18 1.455416970152779e+35 
2.51520e+11 3.92660e+29 6.701582501783503e+18 1.506539515031843e+35 
2.60371e+11 4.08974e+29 6.765217542226836e+18 1.559456373716393e+35 
2.69533e+11 4.25904e+29 6.829008540848546e+18 1.614234117202461e+35 
2.79017e+11 4.43555e+29 6.893256474751724e+18 1.670934354135367e+35 
2.88835e+11 4.61899e+29 6.957755831441033e+18 1.729626115947634e+35 
2.98999e+11 4.80953e+29 7.022473068841790e+18 1.790381262452300e+35 
3.09521e+11 5.00784e+29 7.087542629921373e+18 1.853268326357182e+35 
3.20413e+11 5.21405e+29 7.152899150968173e+18 1.918364715380108e+35 
3.31689e+11 5.42819e+29 7.218461826464431e+18 1.985749095516102e+35 
3.43361e+11 5.65101e+29 7.284364563797639e+18 2.055499518444343e+35 
3.55444e+11 5.88249e+29 7.350500196765196e+18 2.127700438148119e+35 
3.67953e+11 6.12303e+29 7.416884695492348e+18 2.202436207214265e+35 
3.80902e+11 6.37287e+29 7.483493919188366e+18 2.279798108663335e+35 
3.94306e+11 6.63274e+29 7.550418675027956e+18 2.359877170522993e+35 
4.08183e+11 6.90242e+29 7.617510902579226e+18 2.442769204190005e+35 
4.22548e+11 7.18300e+29 7.684938371099659e+18 2.528573091905217e+35 
4.37419e+11 7.47411e+29 7.752519488892785e+18 2.617389854799486e+35 
4.52814e+11 7.77683e+29 7.820406190606620e+18 2.709327387689066e+35 
4.68750e+11 8.09059e+29 7.888374868677545e+18 2.804494504496093e+35 
4.85247e+11 8.41717e+29 7.956714825076599e+18 2.903002851623412e+35 
5.02325e+11 8.75749e+29 8.025514650999833e+18 3.004973583917799e+35 
5.20001e+11 9.08917e+29 8.090283204423672e+18 3.110504634068818e+35 
5.38303e+11 9.45513e+29 8.159307392602121e+18 3.219764535821928e+35 
5.57249e+11 9.83368e+29 8.228286355860708e+18 3.332860797235491e+35 
5.76862e+11 1.02264e+30 8.297416904059823e+18 3.449928600735958e+35 
5.97165e+11 1.06325e+30 8.366461525979959e+18 3.571110156777290e+35 
6.18183e+11 1.10678e+30 8.438352548760400e+18 3.696543484518270e+35 
6.39941e+11 1.12180e+30 8.462184090788023e+18 3.826389694246711e+35 
6.62465e+11 1.14431e+30 8.496654499505214e+18 3.960798741780638e+35 
6.85780e+11 1.16376e+30 8.525474910733735e+18 4.099930992964977e+35 
7.09916e+11 1.18311e+30 8.553152991834307e+18 4.243949576722619e+35 
7.34900e+11 1.20237e+30 8.579768604307122e+18 4.393028631064337e+35 
7.60762e+11 1.22099e+30 8.604624799015225e+18 4.547341915711455e+35 
7.87534e+11 1.24011e+30 8.629288112936002e+18 4.707078301784312e+35 
8.15246e+11 1.25864e+30 8.652374014502554e+18 4.872423939548868e+35 
8.43933e+11 1.27799e+30 8.675664885300807e+18 5.043578287841389e+35 
8.73628e+11 1.29726e+30 8.698063388704780e+18 5.220744052635382e+35 
9.04367e+11 1.31663e+30 8.719829615817135e+18 5.404134419789698e+35 
9.36187e+11 1.33688e+30 8.741799126246667e+18 5.593965109874071e+35 
9.69125e+11 1.35680e+30 8.762674465506906e+18 5.790464934811797e+35 
1.00322e+12 1.37834e+30 8.784483002848435e+18 5.993866303395477e+35 
1.03852e+12 1.39955e+30 8.805234769484469e+18 6.204412184589656e+35 
1.07505e+12 1.42146e+30 8.825943658110348e+18 6.422354472354158e+35 
1.11287e+12 1.44387e+30 8.846398933088177e+18 6.647951313505536e+35 
1.15202e+12 1.46686e+30 8.866672491587451e+18 6.881471813577138e+35 
1.19254e+12 1.48968e+30 8.886113392164886e+18 7.123196952706159e+35 
1.23449e+12 1.51425e+30 8.906336618181961e+18 7.373411845506803e+35 
1.27791e+12 1.53957e+30 8.926464297192437e+18 7.632415318479786e+35 
1.32286e+12 1.56565e+30 8.946497551367670e+18 7.900517260755535e+35 
1.36939e+12 1.59149e+30 8.965671714560839e+18 8.178036035631320e+35 
1.41756e+12 1.61912e+30 8.985478246309281e+18 8.465302580940902e+35 
1.46742e+12 1.64753e+30 9.005149334666585e+18 8.762660320532691e+35 
1.51903e+12 1.67614e+30 9.024287452937736e+18 9.070462120963933e+35 
1.57245e+12 1.70668e+30 9.044022239562984e+18 9.389076238616270e+35 
1.62775e+12 1.73709e+30 9.063006963534662e+18 9.718881725431089e+35 
1.68500e+12 1.76942e+30 9.082506593860259e+18 1.006027135146649e+36 
1.74426e+12 1.80184e+30 9.101390764074536e+18 1.041364874616762e+36 
1.80560e+12 1.83625e+30 9.120761107990101e+18 1.077945424371842e+36 
1.86909e+12 1.87086e+30 9.139578554866818e+18 1.115809199581118e+36 
1.93482e+12 1.90754e+30 9.158844565366448e+18 1.155002278493793e+36 
2.00286e+12 1.94442e+30 9.177556082362652e+18 1.195575184499841e+36 
2.07329e+12 1.98310e+30 9.196517712491318e+18 1.237569841671851e+36 
2.14619e+12 2.02252e+30 9.215182617207960e+18 1.281041368453936e+36 
2.22166e+12 2.06389e+30 9.234111681408924e+18 1.326040151324215e+36 
2.29978e+12 2.10609e+30 9.252760483952755e+18 1.372618775315309e+36 
2.38065e+12 2.14894e+30 9.271052428797708e+18 1.420832748963906e+36 
2.46436e+12 2.19373e+30 9.289526518156569e+18 1.470742041671102e+36 
2.55101e+12 2.23996e+30 9.307946387261577e+18 1.522403289968793e+36 
2.64070e+12 2.28669e+30 9.325932329885321e+18 1.575879881650506e+36 
2.73355e+12 2.33616e+30 9.344327924296411e+18 1.631234217440912e+36 
2.82966e+12 2.38666e+30 9.362468157454076e+18 1.688533142524141e+36 
2.92915e+12 2.43777e+30 9.380202767729865e+18 1.747844050752451e+36 
3.03214e+12 2.49145e+30 9.398197535958733e+18 1.809239596119847e+36 
3.13874e+12 2.54566e+30 9.415753365383346e+18 1.872790803789907e+36 
3.24909e+12 2.60123e+30 9.433139511687715e+18 1.938573778231794e+36 
3.36332e+12 2.65988e+30 9.450864859875924e+18 2.006669304052163e+36 
3.48157e+12 2.71857e+30 9.467999228370600e+18 2.077154833400999e+36 
3.60397e+12 2.77895e+30 9.485032326492307e+18 2.150116996217739e+36 
3.73067e+12 2.84085e+30 9.501898002834321e+18 2.225642653465546e+36 
3.86183e+12 2.90447e+30 9.518644684169933e+18 2.303819144719584e+36 
3.99759e+12 2.96962e+30 9.535210931413766e+18 2.384744004241522e+36 
4.13813e+12 3.03640e+30 9.551617222680406e+18 2.468509970812055e+36 
4.28360e+12 3.10484e+30 9.567859644418779e+18 2.555218124845347e+36 
4.43419e+12 3.17318e+30 9.583526260299678e+18 2.644972613336863e+36 
4.59007e+12 3.24486e+30 9.599403330905702e+18 2.737878849304772e+36 
4.75143e+12 3.31753e+30 9.614951762342212e+18 2.834049991668616e+36 
4.91846e+12 3.39109e+30 9.630157296316606e+18 2.933597927400514e+36 
5.09136e+12 3.46514e+30 9.644943351996721e+18 3.036643261879964e+36 
5.27033e+12 3.54168e+30 9.659708047168993e+18 3.143307796337173e+36 
5.45560e+12 3.61854e+30 9.674030167950053e+18 3.253718331875583e+36 
5.64737e+12 3.69774e+30 9.688288270394647e+18 3.368007869582855e+36 
5.84589e+12 3.77722e+30 9.702112750586102e+18 3.486311077463876e+36 
6.05138e+12 3.85757e+30 9.715611031640170e+18 3.608771024524130e+36 
6.26409e+12 3.93896e+30 9.728822473403484e+18 3.735531866818026e+36 
6.48428e+12 4.02008e+30 9.741541310991897e+18 3.866745291034712e+36 
6.71220e+12 4.10402e+30 9.754256567022391e+18 4.002566945059287e+36 
6.94813e+12 4.18710e+30 9.766414867830534e+18 4.143160035956096e+36 
7.19235e+12 4.27049e+30 9.778203168180390e+18 4.288691024380280e+36 
7.44516e+12 4.35412e+30 9.789624392657103e+18 4.439333337895493e+36 
7.70685e+12 4.43858e+30 9.800768877003270e+18 4.595268239170271e+36 
7.97773e+12 4.52310e+30 9.811541064919849e+18 4.756679877538149e+36 
8.25813e+12 4.60643e+30 9.821801968955290e+18 4.923761281107981e+36 
8.54838e+12 4.69110e+30 9.831874081592814e+18 5.096712064382569e+36 
8.84884e+12 4.77309e+30 9.841295440981266e+18 5.275737344040660e+36 
9.15984e+12 4.85705e+30 9.850615971971619e+18 5.461049923741479e+36 
9.48178e+12 4.93855e+30 9.859357584357599e+18 5.652872945175028e+36 
9.81503e+12 5.01985e+30 9.867780385198240e+18 5.851433395973765e+36 
1.01600e+13 5.10148e+30 9.875951375202648e+18 6.056967809520178e+36 
1.05171e+13 5.18006e+30 9.883549907484766e+18 6.269722616285439e+36 
1.08867e+13 5.25832e+30 9.890859763433914e+18 6.489950127263934e+36 
1.12693e+13 5.33508e+30 9.897786548013736e+18 6.717912382350234e+36 
1.16653e+13 5.41128e+30 9.904430469991797e+18 6.953883640022862e+36 
1.20753e+13 5.48596e+30 9.910719653107071e+18 7.198141739168257e+36 
1.24997e+13 5.55818e+30 9.916596019961147e+18 7.450980132488815e+36 
1.29389e+13 5.63102e+30 9.922321267794176e+18 7.712700088101737e+36 
1.33937e+13 5.70138e+30 9.927664365906549e+18 7.983612060594345e+36 
1.38643e+13 5.77080e+30 9.932756139467518e+18 8.264040011143166e+36 
1.43516e+13 5.83973e+30 9.937641044230173e+18 8.554318597783444e+36 
1.48559e+13 5.90845e+30 9.942345273921831e+18 8.854792750341978e+36 
1.53779e+13 5.97718e+30 9.946891186358538e+18 9.165821816791871e+36 
1.59183e+13 6.04660e+30 9.951325983948110e+18 9.487775800267308e+36 
1.64777e+13 6.11663e+30 9.955648028175002e+18 9.821037730880895e+36 
1.70567e+13 6.18928e+30 9.959979823516002e+18 1.016601047227966e+37 
1.76561e+13 6.26595e+30 9.964395560175512e+18 1.052308943408385e+37 
1.82765e+13 6.34699e+30 9.968904678243525e+18 1.089272085495035e+37 
1.89188e+13 6.43398e+30 9.973580329756205e+18 1.127533043220579e+37 
1.95835e+13 6.52792e+30 9.978457920930353e+18 1.167138464117485e+37 
2.02717e+13 6.63239e+30 9.983697908729768e+18 1.208134413824053e+37 
2.09840e+13 6.74814e+30 9.989306214036034e+18 1.250570114075979e+37 
2.17213e+13 6.87855e+30 9.995410516582511e+18 1.294497164230744e+37 
2.24846e+13 7.02856e+30 1.000219395302216e+19 1.339966457651813e+37 
2.32746e+13 7.19908e+30 1.000964236845321e+19 1.387033511996507e+37 
2.40924e+13 7.39748e+30 1.001801510052526e+19 1.435753394632380e+37 
2.49390e+13 7.62579e+30 1.002732257704394e+19 1.486185215092217e+37 
2.58153e+13 7.89074e+30 1.003775699310183e+19 1.538388123422799e+37 
2.67223e+13 8.19896e+30 1.004948346902087e+19 1.592423572827262e+37 
2.76613e+13 8.55692e+30 1.006264028470578e+19 1.648358094323784e+37 
2.86333e+13 8.97429e+30 1.007745931864707e+19 1.706257813626595e+37 
2.96394e+13 9.45838e+30 1.009406452327114e+19 1.766190472531731e+37 
3.06809e+13 1.00208e+31 1.011270065824322e+19 1.828229275130789e+37 
3.17589e+13 1.06740e+31 1.013361091378602e+19 1.892446326839938e+37 
3.28749e+13 1.14294e+31 1.015697180121868e+19 1.958918326743421e+37 
3.40301e+13 1.23047e+31 1.018312079993943e+19 2.027726685231749e+37 
3.52259e+13 1.33135e+31 1.021223541486922e+19 2.098950142619737e+37 
3.64638e+13 1.44770e+31 1.024467394835695e+19 2.172676336566365e+37 
3.77452e+13 1.58166e+31 1.028075260338916e+19 2.248992081149432e+37 
3.90717e+13 1.73546e+31 1.032076955681411e+19 2.327989778835342e+37 
4.04448e+13 1.91192e+31 1.036512245034549e+19 2.409760741006061e+37 
4.18662e+13 2.11385e+31 1.041415084603829e+19 2.494404608128739e+37 
4.33376e+13 2.34462e+31 1.046827961188046e+19 2.582021095267880e+37 
4.48608e+13 2.60808e+31 1.052797213298208e+19 2.672715115407743e+37 
4.64376e+13 2.90822e+31 1.059366729711465e+19 2.766594201387026e+37 
4.80700e+13 3.24967e+31 1.066586108491847e+19 2.863771586260062e+37 
4.97597e+13 3.63689e+31 1.074496189291252e+19 2.964354743597819e+37 
5.15082e+13 4.03161e+31 1.082290980385525e+19 3.068434266703202e+37 
5.33191e+13 4.33951e+31 1.088179006004268e+19 3.176212195184636e+37 
5.51956e+13 4.49111e+31 1.090862329934822e+19 3.287894011680001e+37 
5.71404e+13 4.45872e+31 1.090293096690389e+19 3.403642709199695e+37 
5.91560e+13 4.26353e+31 1.086746336137373e+19 3.523606301489762e+37 
6.12438e+13 3.97599e+31 1.081209224292088e+19 3.647900287580724e+37 
6.34051e+13 3.70398e+31 1.075839680402708e+19 3.776586378251981e+37 
6.56411e+13 3.56134e+31 1.072973938248435e+19 3.909714225789649e+37 
6.79541e+13 3.60832e+31 1.073921599951754e+19 4.047387668181012e+37 
7.03468e+13 3.90512e+31 1.079822651463554e+19 4.189735147107749e+37 
7.28211e+13 4.57803e+31 1.092063022585772e+19 4.336862298980782e+37 
7.53799e+13 5.65059e+31 1.106510264111262e+19 4.489134876055133e+37 
7.80274e+13 7.03701e+31 1.124562631927996e+19 4.646656953531812e+37 
8.07685e+13 8.59021e+31 1.144096256174618e+19 4.809712808905811e+37 
8.36077e+13 1.02138e+32 1.163838334563461e+19 4.978568321766477e+37 
8.65481e+13 1.20020e+32 1.184817290202444e+19 5.153396226912709e+37 
8.95929e+13 1.40199e+32 1.207698334572444e+19 5.334392574831553e+37 
9.27460e+13 1.62969e+32 1.232612434864579e+19 5.521779750517263e+37 
9.60110e+13 1.88913e+32 1.260052613802581e+19 5.715760186064578e+37 
9.93916e+13 2.18732e+32 1.290489801882791e+19 5.916542321855184e+37 
1.02892e+14 2.52903e+32 1.324179459137985e+19 6.124362421076517e+37 
1.06517e+14 2.91794e+32 1.361201545618988e+19 6.339482212975767e+37 
1.10270e+14 3.35969e+32 1.401822684130258e+19 6.562157488808384e+37 
1.14158e+14 3.86061e+32 1.446290745472332e+19 6.792654973269701e+37 
1.18184e+14 4.42772e+32 1.494908648244702e+19 7.031247971667413e+37 
1.22353e+14 5.06883e+32 1.547986299830991e+19 7.278220689687079e+37 
1.26672e+14 5.79256e+32 1.605809681636054e+19 7.533870624088496e+37 
1.31146e+14 6.60846e+32 1.668761956302841e+19 7.798498746168769e+37 
1.35780e+14 7.52706e+32 1.737191874755390e+19 8.072421034306757e+37 
1.40581e+14 8.56003e+32 1.811440257674756e+19 8.355967698946029e+37 
1.45554e+14 9.72024e+32 1.891951187551710e+19 8.649472770544772e+37 
1.50707e+14 1.10219e+33 1.979147983248336e+19 8.953285478934328e+37 
1.56047e+14 1.24806e+33 2.073433371101711e+19 9.267771879513417e+37 
1.61580e+14 1.41137e+33 2.175302634022076e+19 9.593303934239445e+37 
1.67314e+14 1.59401e+33 2.285217659403697e+19 9.930272326166069e+37 
1.73257e+14 1.79807e+33 2.403734156726042e+19 1.027907378463219e+38 
1.79417e+14 2.02584e+33 2.531360509832261e+19 1.064012694578831e+38 
1.85804e+14 2.27985e+33 2.668643157881783e+19 1.101386361694557e+38 
1.92424e+14 2.56283e+33 2.816146697164712e+19 1.140072932918339e+38 
1.99290e+14 2.87786e+33 2.974536499089727e+19 1.180118132812348e+38 
2.06409e+14 3.22839e+33 3.144478797193286e+19 1.221569999624477e+38 
2.13793e+14 3.61773e+33 3.326494955173590e+19 1.264477464355597e+38 
2.21452e+14 4.05008e+33 3.521330879102586e+19 1.308892605158526e+38 
2.29398e+14 4.52945e+33 3.729540224375604e+19 1.354868257215483e+38 
2.37642e+14 5.05534e+33 3.949714587422464e+19 1.402457890588225e+38 
2.46198e+14 5.62796e+33 4.180727925497913e+19 1.451719221923894e+38 
2.55078e+14 6.25486e+33 4.424412365189405e+19 1.502711178856409e+38 
2.64295e+14 6.94464e+33 4.682718199968852e+19 1.555494158387321e+38 
2.73864e+14 7.70323e+33 4.956326921971283e+19 1.610131363392618e+38 
2.83801e+14 8.53759e+33 5.246161015366930e+19 1.666687373106118e+38 
2.94121e+14 9.45517e+33 5.553057022739097e+19 1.725230127157569e+38 
3.04841e+14 1.04640e+34 5.877896154582027e+19 1.785829067832703e+38 
3.15978e+14 1.15728e+34 6.221522338196296e+19 1.848556395551730e+38 
3.27553e+14 1.27909e+34 6.584765440239324e+19 1.913487178990494e+38 
3.39584e+14 1.41283e+34 6.968442589829335e+19 1.980699173003201e+38 
3.52092e+14 1.55958e+34 7.373424980884892e+19 2.050271418072847e+38 
3.65099e+14 1.72052e+34 7.800490075828145e+19 2.122287526985170e+38 
3.78630e+14 1.89690e+34 8.250428645024591e+19 2.196833344413161e+38 
3.92707e+14 2.09005e+34 8.724025354055439e+19 2.273997305503962e+38 
4.07359e+14 2.30143e+34 9.222003870854991e+19 2.353871781980444e+38 
4.22611e+14 2.53256e+34 9.745072367508829e+19 2.436551979492493e+38 
4.38493e+14 2.78510e+34 1.029390115740677e+20 2.522136448520382e+38 
4.55037e+14 3.06080e+34 1.086911728500736e+20 2.610727208643889e+38 
4.72274e+14 3.36152e+34 1.147131720641918e+20 2.702429350896004e+38 
4.90239e+14 3.68926e+34 1.210101134597213e+20 2.797352648010044e+38 
5.08969e+14 4.04612e+34 1.275866998039468e+20 2.895610249834002e+38 
5.28502e+14 4.43435e+34 1.344470302112377e+20 2.997319264962896e+38 
5.48880e+14 4.85632e+34 1.415947276690245e+20 3.102600351212217e+38 
5.70145e+14 5.31453e+34 1.490322404739361e+20 3.211580134902091e+38 
5.92344e+14 5.81164e+34 1.567621786903271e+20 3.324386700631786e+38 
6.15524e+14 6.35044e+34 1.647854223587121e+20 3.441156316142148e+38 
6.39739e+14 6.93391e+34 1.731026458160041e+20 3.562028244388164e+38 
6.65040e+14 7.56514e+34 1.817143430203781e+20 3.687144499625452e+38 
6.91488e+14 8.24741e+34 1.906192626350082e+20 3.816656246270397e+38 
7.19141e+14 8.98420e+34 1.998163334105601e+20 3.950716400205345e+38 
7.48064e+14 9.77912e+34 2.093029508658005e+20 4.089487067671470e+38 
7.78327e+14 1.06360e+35 2.190769349561969e+20 4.233131309773820e+38 
8.09999e+14 1.15589e+35 2.291349899864434e+20 4.381820242789031e+38 
8.43159e+14 1.25522e+35 2.394753784599746e+20 4.535731054323055e+38 
8.77885e+14 1.36128e+35 2.500191253466252e+20 4.695050412131042e+38 
9.14251e+14 1.46991e+35 2.603315008247451e+20 4.859964312324563e+38 
9.52329e+14 1.58468e+35 2.707369685581130e+20 5.030670626910437e+38 
9.92208e+14 1.70702e+35 2.813260756841280e+20 5.207374185546171e+38 
1.03398e+15 1.83778e+35 2.921319505692520e+20 5.390283139767206e+38 
1.07775e+15 1.97775e+35 3.031705568209354e+20 5.579618577669496e+38 
1.12363e+15 2.12767e+35 3.144517185107093e+20 5.775603993385971e+38 
1.17172e+15 2.28829e+35 3.259810318989261e+20 5.978472820969760e+38 
1.22215e+15 2.46040e+35 3.377621666523635e+20 6.188467146336031e+38 
1.27504e+15 2.64351e+35 3.497116839988083e+20 6.405840108004794e+38 
1.33054e+15 2.83844e+35 3.618380274231271e+20 6.630845596467862e+38 
1.38877e+15 3.04699e+35 3.742016792760266e+20 6.863754000886139e+38 
1.44988e+15 3.27029e+35 3.868136951193089e+20 7.104843906593347e+38 
1.51405e+15 3.50942e+35 3.996778288652778e+20 7.354402738869236e+38 
1.58144e+15 3.76549e+35 4.127948796464261e+20 7.612727970889463e+38 
1.65223e+15 4.03966e+35 4.261640505830436e+20 7.880127509150511e+38 
1.72662e+15 4.33315e+35 4.397837081683028e+20 8.156918463313594e+38 
1.80480e+15 4.64724e+35 4.536513133938683e+20 8.443430617703580e+38 
1.88700e+15 4.98330e+35 4.677633819173419e+20 8.740008995996951e+38 
1.97345e+15 5.34274e+35 4.821167266781099e+20 9.047003619186060e+38 
2.06439e+15 5.72711e+35 4.967074280375167e+20 9.364780214442169e+38 
2.16007e+15 6.13799e+35 5.115310459645500e+20 9.693719458138882e+38 
2.26078e+15 6.57710e+35 5.265830389765736e+20 1.003421353207281e+39 
2.36679e+15 7.04624e+35 5.418588322707498e+20 1.038666609596466e+39 
2.47843e+15 7.54732e+35 5.573530433889071e+20 1.075150174466907e+39 
2.59601e+15 8.08234e+35 5.730610654795572e+20 1.112914843062637e+39 
2.71988e+15 8.65346e+35 5.889769586462715e+20 1.152006337111613e+39 
2.85041e+15 9.26293e+35 6.050955987352895e+20 1.192470763632774e+39 
2.98798e+15 9.91314e+35 6.214113309903425e+20 1.234356341752821e+39 
3.13301e+15 1.06066e+36 6.379181926483034e+20 1.277713245072079e+39 
3.28593e+15 1.13461e+36 6.546103082075220e+20 1.322593166897533e+39 
3.44720e+15 1.21343e+36 6.714817008942542e+20 1.369049602871751e+39 
3.61733e+15 1.29743e+36 6.885265071494188e+20 1.417137640924676e+39 
3.79681e+15 1.38692e+36 7.057382169830718e+20 1.466915199172918e+39 
3.98621e+15 1.48223e+36 7.231112243319231e+20 1.518440663732567e+39 
4.18611e+15 1.58373e+36 7.406391201885786e+20 1.571775727255171e+39 
4.39712e+15 1.69177e+36 7.583150173096102e+20 1.626985034224704e+39 
4.61990e+15 1.80676e+36 7.761334238643173e+20 1.684132952656809e+39 
4.85513e+15 1.92911e+36 7.940874234742397e+20 1.743288711593757e+39 
5.10357e+15 2.05925e+36 8.121712876196962e+20 1.804521663446294e+39 
5.36597e+15 2.19764e+36 8.303780928099404e+20 1.867905969352354e+39 
5.64317e+15 2.34478e+36 8.487017245719914e+20 1.933516801070628e+39 
5.93603e+15 2.50117e+36 8.671362928914968e+20 2.001431484294299e+39 
6.24549e+15 2.66735e+36 8.856749279676781e+20 2.071732271648573e+39 
6.57250e+15 2.84389e+36 9.043118186707015e+20 2.144502050577016e+39 
6.91811e+15 3.03139e+36 9.230403844025867e+20 2.219828531748884e+39 
7.28341e+15 3.23048e+36 9.418551238177756e+20 2.297800004866502e+39 
7.66956e+15 3.44183e+36 9.607493940404259e+20 2.378510924239695e+39 
8.07779e+15 3.66613e+36 9.797176569906747e+20 2.462056441414691e+39 
8.50938e+15 3.90412e+36 9.987538557479156e+20 2.548536667192397e+39 
8.96571e+15 4.15658e+36 1.017852467212325e+21 2.638054122599257e+39 
9.44823e+15 4.42431e+36 1.037007472871674e+21 2.730716668334169e+39 
9.95847e+15 4.70819e+36 1.056214055909720e+21 2.826632890544634e+39 
1.04981e+16 5.00911e+36 1.075466290518907e+21 2.925918955681586e+39 
1.10687e+16 5.32802e+36 1.094759529455053e+21 3.028692047710120e+39 
