500
1.65767e+08 3.35188e+25 9.999999999999999e-01 9.988188100428116e+31 
1.71360e+08 3.50538e+25 9.104573085694968e+15 1.032514271715798e+32 
1.77142e+08 3.66580e+25 1.830921599316553e+16 1.067347393978604e+32 
1.83120e+08 3.83380e+25 2.763397333320316e+16 1.103355457862980e+32 
1.89299e+08 4.00924e+25 3.705410378825880e+16 1.140576628873158e+32 
1.95687e+08 4.19236e+25 4.656555252070172e+16 1.179055007457169e+32 
2.02290e+08 4.38371e+25 5.618003613568755e+16 1.218831698023555e+32 
2.09116e+08 4.58428e+25 6.592885810305558e+16 1.259949472810664e+32 
2.16172e+08 4.79324e+25 7.575355638935230e+16 1.302453804212588e+32 
2.23467e+08 5.01183e+25 8.569588784492074e+16 1.346393418087403e+32 
2.31008e+08 5.24031e+25 9.574869693896358e+16 1.391815088194179e+32 
2.38803e+08 5.47889e+25 1.059032591029594e+17 1.438768613966851e+32 
2.46861e+08 5.72892e+25 1.161975739610931e+17 1.487306846361461e+32 
2.55191e+08 5.98971e+25 1.265845126298055e+17 1.537481881557498e+32 
2.63803e+08 6.26164e+25 1.370617243985327e+17 1.589349601157830e+32 
2.72705e+08 6.54654e+25 1.476797773805972e+17 1.642967157679622e+32 
2.81907e+08 6.84416e+25 1.584101503675247e+17 1.698393096314678e+32 
2.91420e+08 7.15539e+25 1.692651675629554e+17 1.755690351723806e+32 
3.01254e+08 7.47964e+25 1.802044945434239e+17 1.814919590942726e+32 
3.11420e+08 7.81945e+25 1.912950125703547e+17 1.876146781215932e+32 
3.21929e+08 8.17461e+25 2.025076610423380e+17 1.939439776736346e+32 
3.32792e+08 8.54451e+25 2.138047620644123e+17 2.004868188349225e+32 
3.44022e+08 8.93242e+25 2.252649327002893e+17 2.072503695302912e+32 
3.55632e+08 9.33655e+25 2.368146398923789e+17 2.142421256993475e+32 
3.67633e+08 9.75921e+25 2.484994351639300e+17 2.214696808445984e+32 
3.80039e+08 1.02006e+26 2.603031043747050e+17 2.289410514155489e+32 
3.92864e+08 1.06618e+26 2.722361554246196e+17 2.366645863339667e+32 
4.06121e+08 1.11440e+26 2.843019704192495e+17 2.446486103357759e+32 
4.19826e+08 1.16474e+26 2.964884519922086e+17 2.529019929486162e+32 
4.33994e+08 1.21740e+26 3.088216177138559e+17 2.614337206215073e+32 
4.48639e+08 1.27234e+26 3.212669423897284e+17 2.702533498188451e+32 
4.63779e+08 1.32987e+26 3.338738379006841e+17 2.793705563092128e+32 
4.79430e+08 1.38974e+26 3.465671066690404e+17 2.887953012257331e+32 
4.95610e+08 1.45249e+26 3.594350775673444e+17 2.985379705989114e+32 
5.12335e+08 1.51794e+26 3.724174041608419e+17 3.086094236223642e+32 
5.29625e+08 1.58624e+26 3.855231542747027e+17 3.190204105997750e+32 
5.47498e+08 1.65774e+26 3.987968549381783e+17 3.297828816091295e+32 
5.65975e+08 1.73228e+26 4.121812713915613e+17 3.409082468615959e+32 
5.85075e+08 1.81030e+26 4.257344036349299e+17 3.524090325410954e+32 
6.04819e+08 1.89176e+26 4.394227454708072e+17 3.642977370005930e+32 
6.25231e+08 1.97663e+26 4.532171278697366e+17 3.765875747770258e+32 
6.46331e+08 2.06569e+26 4.672216081752952e+17 3.892920835045005e+32 
6.68143e+08 2.15826e+26 4.813016381689662e+17 4.024249558477291e+32 
6.90692e+08 2.25522e+26 4.955692097166751e+17 4.160010997071094e+32 
7.14001e+08 2.35639e+26 5.099684637609835e+17 4.300351043215038e+32 
7.38098e+08 2.46215e+26 5.245310102273626e+17 4.445426311742537e+32 
7.63007e+08 2.57248e+26 5.392261707293695e+17 4.595395537025841e+32 
7.88758e+08 2.68789e+26 5.540962251819512e+17 4.750424666393771e+32 
8.15377e+08 2.80825e+26 5.690981642996224e+17 4.910682476344481e+32 
8.42895e+08 2.93429e+26 5.842942664250433e+17 5.076347349882866e+32 
8.71342e+08 3.06558e+26 5.996068299210557e+17 5.247600965074092e+32 
9.00749e+08 3.20242e+26 6.150456602096396e+17 5.424631957079865e+32 
9.31149e+08 3.34571e+26 6.306846044002273e+17 5.607635877141932e+32 
9.62575e+08 3.49538e+26 6.464857166842973e+17 5.796813221183118e+32 
9.95061e+08 3.65133e+26 6.624127821174291e+17 5.992372192192133e+32 
1.02864e+09 3.81509e+26 6.785915867045331e+17 6.194528191459569e+32 
1.06336e+09 3.98528e+26 6.948563803262031e+17 6.403505203487751e+32 
1.09925e+09 4.16327e+26 7.113112394932077e+17 6.619531120192066e+32 
1.13635e+09 4.34893e+26 7.279149775572321e+17 6.842844859113405e+32 
1.17470e+09 4.54279e+26 7.446855494837204e+17 7.073692355508358e+32 
1.21435e+09 4.74557e+26 7.616546978201079e+17 7.312328101623327e+32 
1.25533e+09 4.95678e+26 7.787524398648383e+17 7.559013199440506e+32 
1.29770e+09 5.17777e+26 7.960581822832963e+17 7.814022848079713e+32 
1.34150e+09 5.40837e+26 8.135262701589692e+17 8.077633338237289e+32 
1.38678e+09 5.64902e+26 8.311606805786565e+17 8.350136540855509e+32 
1.43358e+09 5.90034e+26 8.489759948718542e+17 8.631833875675183e+32 
1.48197e+09 6.16281e+26 8.669734070344746e+17 8.923035095413579e+32 
1.53199e+09 6.43691e+26 8.851549239711491e+17 9.224058560334172e+32 
1.58369e+09 6.72316e+26 9.035221891607132e+17 9.535237467078115e+32 
1.63715e+09 7.02215e+26 9.220804089627981e+17 9.856915024827652e+32 
1.69240e+09 7.33351e+26 9.407759689202140e+17 1.018944476569378e+33 
1.74953e+09 7.65854e+26 9.596545296711350e+17 1.053318912621830e+33 
1.80858e+09 7.99907e+26 9.787873609286277e+17 1.088853510538653e+33 
1.86962e+09 8.35360e+26 9.980561601797060e+17 1.125587661417527e+33 
1.93272e+09 8.72423e+26 1.017542728014299e+18 1.163558533616692e+33 
1.99796e+09 9.11146e+26 1.037237103394950e+18 1.202813379228187e+33 
2.06540e+09 9.51408e+26 1.057045147589809e+18 1.243389631475589e+33 
2.13511e+09 9.93584e+26 1.077117573965972e+18 1.285336335363747e+33 
2.20718e+09 1.03755e+27 1.097360681712215e+18 1.328697598041926e+33 
2.28168e+09 1.08358e+27 1.117859333301873e+18 1.373523383318000e+33 
2.35869e+09 1.13138e+27 1.138450888049940e+18 1.419858484524217e+33 
2.43831e+09 1.18146e+27 1.159318360382333e+18 1.467759283307349e+33 
2.52061e+09 1.23371e+27 1.180382463917637e+18 1.517274788391746e+33 
2.60570e+09 1.28813e+27 1.201604076622620e+18 1.568461547167570e+33 
2.69365e+09 1.34511e+27 1.223099908452340e+18 1.621374596148598e+33 
2.78457e+09 1.40441e+27 1.244738228473254e+18 1.676072059705221e+33 
2.87857e+09 1.46639e+27 1.266613274076818e+18 1.732615698552886e+33 
2.97573e+09 1.53117e+27 1.288734801976373e+18 1.791066851616731e+33 
3.07618e+09 1.59859e+27 1.311005087863084e+18 1.851490062745774e+33 
3.18002e+09 1.66901e+27 1.333505495520956e+18 1.913949958638299e+33 
3.28736e+09 1.74248e+27 1.356212878105457e+18 1.978519303134118e+33 
3.39833e+09 1.81942e+27 1.379218041169577e+18 2.045265379927914e+33 
3.51305e+09 1.89931e+27 1.402323916845915e+18 2.114263956360356e+33 
3.63163e+09 1.98292e+27 1.425715295651480e+18 2.185589336893346e+33 
3.75422e+09 2.07025e+27 1.449350401805878e+18 2.259322182180998e+33 
3.88096e+09 2.16113e+27 1.473142664702764e+18 2.335542052475000e+33 
4.01196e+09 2.25617e+27 1.497212629904917e+18 2.414332375924468e+33 
4.14740e+09 2.35529e+27 1.521494052070163e+18 2.495782593657882e+33 
4.28740e+09 2.45860e+27 1.545975630237933e+18 2.579978107297168e+33 
4.43213e+09 2.56639e+27 1.570686601306696e+18 2.667015691729746e+33 
4.58175e+09 2.67918e+27 1.595696188934435e+18 2.756989594494932e+33 
4.73642e+09 2.79658e+27 1.620879751705080e+18 2.849997875304232e+33 
4.89632e+09 2.91913e+27 1.646309931059389e+18 2.946145158519908e+33 
5.06161e+09 3.04708e+27 1.671991600702771e+18 3.045535053625472e+33 
5.23248e+09 3.18063e+27 1.697923466705754e+18 3.148277206246389e+33 
5.40913e+09 3.31955e+27 1.724015637358652e+18 3.254486984175024e+33 
5.59174e+09 3.46505e+27 1.750452844850238e+18 3.364279075457411e+33 
5.78051e+09 3.61633e+27 1.777040336073033e+18 3.477774763672163e+33 
5.97566e+09 3.77444e+27 1.803921498112411e+18 3.595100021751596e+33 
6.17739e+09 3.93928e+27 1.831031854201343e+18 3.716383568365221e+33 
6.38594e+09 4.11142e+27 1.858418150200839e+18 3.841757785437513e+33 
6.60154e+09 4.29058e+27 1.885989591960508e+18 3.971361856646486e+33 
6.82441e+09 4.47792e+27 1.913879133415326e+18 4.105338188626414e+33 
7.05480e+09 4.67316e+27 1.941993813351431e+18 4.243834632878330e+33 
7.29298e+09 4.87689e+27 1.970374162255534e+18 4.387003183595406e+33 
7.53920e+09 5.08912e+27 1.998971426291039e+18 4.535001840700796e+33 
7.79374e+09 5.31102e+27 2.027896327770620e+18 4.687993637321752e+33 
8.05687e+09 5.54224e+27 2.057050321759777e+18 4.846145533468031e+33 
8.32889e+09 5.78295e+27 2.086410106200605e+18 5.009634101522359e+33 
8.61009e+09 6.03407e+27 2.116038772591339e+18 5.178635852610040e+33 
8.90079e+09 6.29692e+27 2.146039539022832e+18 5.353341409871713e+33 
9.20130e+09 6.57040e+27 2.176233234274393e+18 5.533939460355582e+33 
9.51196e+09 6.85571e+27 2.206702904224448e+18 5.720630735096636e+33 
9.83312e+09 7.15323e+27 2.237440304301544e+18 5.913619404336275e+33 
1.01651e+10 7.46319e+27 2.268415439273313e+18 6.113119776825832e+33 
1.05083e+10 7.78628e+27 2.299648711417831e+18 6.319350715216528e+33 
1.08631e+10 8.12381e+27 2.331211063972800e+18 6.532537694280475e+33 
1.12299e+10 8.47601e+27 2.363070065672393e+18 6.752916834531547e+33 
1.16091e+10 8.84251e+27 2.395139487964105e+18 6.980730371060162e+33 
1.20011e+10 9.22484e+27 2.427501501537651e+18 7.216229685647974e+33 
1.24063e+10 9.62367e+27 2.460156098986164e+18 7.459674621555640e+33 
1.28252e+10 1.00395e+28 2.493093686936307e+18 7.711331973371798e+33 
1.32582e+10 1.04727e+28 2.526280938183811e+18 7.971478362370635e+33 
1.37059e+10 1.09248e+28 2.559790225007329e+18 8.240401645895532e+33 
1.41687e+10 1.13970e+28 2.593636364920960e+18 8.518397087270364e+33 
1.46472e+10 1.18874e+28 2.627651607491059e+18 8.805771063215586e+33 
1.51417e+10 1.23990e+28 2.661970867209341e+18 9.102839406681555e+33 
1.56530e+10 1.29344e+28 2.696709556401662e+18 9.409929614011780e+33 
1.61816e+10 1.34892e+28 2.731538661810041e+18 9.727380084925606e+33 
1.67280e+10 1.40703e+28 2.766820601106606e+18 1.005553982656992e+34 
1.72929e+10 1.46747e+28 2.802322894906964e+18 1.039476582199901e+34 
1.78768e+10 1.53059e+28 2.838186043806047e+18 1.074544758927741e+34 
1.84805e+10 1.59627e+28 2.874284570923874e+18 1.110795443691580e+34 
1.91046e+10 1.66474e+28 2.910681804720686e+18 1.148267804907070e+34 
1.97497e+10 1.73609e+28 2.947380461190865e+18 1.187006373234216e+34 
2.04166e+10 1.81039e+28 2.984338187672053e+18 1.227050515758564e+34 
2.11061e+10 1.88809e+28 3.021731878190678e+18 1.268446467323641e+34 
2.18188e+10 1.96878e+28 3.059292126944642e+18 1.311237027122266e+34 
2.25557e+10 2.05307e+28 3.097246947661143e+18 1.355473577107308e+34 
2.33174e+10 2.14078e+28 3.135452340383518e+18 1.401200388094619e+34 
2.41048e+10 2.23237e+28 3.174040146518258e+18 1.448470804252201e+34 
2.49189e+10 2.32749e+28 3.212810948840944e+18 1.497336560615587e+34 
2.57604e+10 2.42675e+28 3.251942508257165e+18 1.547849467821466e+34 
2.66304e+10 2.53033e+28 3.291444267775548e+18 1.600067843914582e+34 
2.75298e+10 2.63804e+28 3.331182099931697e+18 1.654047653831017e+34 
2.84595e+10 2.75042e+28 3.371282788126533e+18 1.709847256320748e+34 
2.94207e+10 2.86750e+28 3.411698924806324e+18 1.767531206644223e+34 
3.04143e+10 2.98938e+28 3.452396585495269e+18 1.827159536189067e+34 
3.14415e+10 3.11617e+28 3.493350350395732e+18 1.888799911325751e+34 
3.25034e+10 3.24856e+28 3.534713931413293e+18 1.952520280041172e+34 
3.36012e+10 3.38658e+28 3.576427862648426e+18 2.018390342329035e+34 
3.47360e+10 3.53017e+28 3.618407627426718e+18 2.086482110521059e+34 
3.59092e+10 3.67953e+28 3.660648988938605e+18 2.156870142610086e+34 
3.71221e+10 3.83544e+28 3.703299220500418e+18 2.229634147387003e+34 
3.83759e+10 3.99752e+28 3.746188367915640e+18 2.304851796047935e+34 
3.96720e+10 4.16663e+28 3.789476801455375e+18 2.382607580103973e+34 
4.10120e+10 4.34248e+28 3.833018070561403e+18 2.462986749808690e+34 
4.23972e+10 4.52572e+28 3.876908158651009e+18 2.546078059665476e+34 
4.38293e+10 4.71669e+28 3.921152167557153e+18 2.631971860720309e+34 
4.53097e+10 4.91533e+28 3.965670077748852e+18 2.720762751372423e+34 
4.68401e+10 5.12235e+28 4.010550393142444e+18 2.812549105032275e+34 
4.84223e+10 5.33774e+28 4.055719078064594e+18 2.907433037353670e+34 
5.00579e+10 5.56234e+28 4.101279361585556e+18 3.005517543957371e+34 
5.17488e+10 5.79576e+28 4.147081251242007e+18 3.106910850460656e+34 
5.34967e+10 6.03909e+28 4.193266888318781e+18 3.211723639763239e+34 
5.53038e+10 6.29240e+28 4.239775757667914e+18 3.320075160167514e+34 
5.71719e+10 6.55594e+28 4.286581482107152e+18 3.432078613032862e+34 
5.91032e+10 6.83032e+28 4.333719411872307e+18 3.547863483504132e+34 
6.10997e+10 7.11614e+28 4.381218523442296e+18 3.667552546746658e+34 
6.31637e+10 7.41317e+28 4.428966623215492e+18 3.791281004079087e+34 
6.52974e+10 7.72342e+28 4.477208461505399e+18 3.919182941526544e+34 
6.75032e+10 8.04508e+28 4.525591954404504e+18 4.051398395643716e+34 
6.97836e+10 8.38081e+28 4.574438875399731e+18 4.188075391613695e+34 
7.21410e+10 8.72985e+28 4.623564144225362e+18 4.329363957894807e+34 
7.45780e+10 9.09238e+28 4.672919230211806e+18 4.475417368786887e+34 
7.70975e+10 9.47115e+28 4.722798761217051e+18 4.626399890674073e+34 
7.97020e+10 9.86418e+28 4.772865400392562e+18 4.782474171260213e+34 
8.23946e+10 1.02738e+29 4.823345066730989e+18 4.943815740345991e+34 
8.51782e+10 1.06988e+29 4.873999029769905e+18 5.110598026400143e+34 
8.80559e+10 1.11428e+29 4.925187647994122e+18 5.283008632471296e+34 
9.10308e+10 1.16037e+29 4.976598159702258e+18 5.461234685092899e+34 
9.41062e+10 1.20828e+29 5.028274740825906e+18 5.645474098329289e+34 
9.72856e+10 1.25814e+29 5.080309272069061e+18 5.835927992804691e+34 
1.00572e+11 1.31008e+29 5.132740451619414e+18 6.032807552774467e+34 
1.03970e+11 1.36413e+29 5.185521825468102e+18 6.236329722028736e+34 
1.07483e+11 1.42021e+29 5.238485977341657e+18 6.446717244114968e+34 
1.11115e+11 1.47870e+29 5.291927159140517e+18 6.664201729762463e+34 
1.14869e+11 1.53936e+29 5.345537785017897e+18 6.889023334045848e+34 
1.18750e+11 1.60252e+29 5.399527210158089e+18 7.121429867069636e+34 
1.22762e+11 1.66824e+29 5.453875981407279e+18 7.361677546191070e+34 
1.26910e+11 1.73660e+29 5.508558847277642e+18 7.610028964340762e+34 
1.31198e+11 1.80757e+29 5.563469739319086e+18 7.866760495801234e+34 
1.35631e+11 1.88139e+29 5.618719162401850e+18 8.132152101949040e+34 
1.40214e+11 1.95825e+29 5.674367450319555e+18 8.406496016336976e+34 
1.44952e+11 2.03791e+29 5.730150181426516e+18 8.690096001745770e+34 
1.49849e+11 2.12095e+29 5.786404554663022e+18 8.983264488008703e+34 
1.54913e+11 2.20737e+29 5.843033016920989e+18 9.286321704766013e+34 
1.60147e+11 2.29690e+29 5.899778128869095e+18 9.599603369252487e+34 
1.65559e+11 2.39023e+29 5.957001548991447e+18 9.923453772350560e+34 
1.71153e+11 2.48699e+29 6.014389042520209e+18 1.025822920076957e+35 
1.76937e+11 2.58771e+29 6.072171790559928e+18 1.060430363813318e+35 
1.82916e+11 2.69240e+29 6.130263424120498e+18 1.096204227499033e+35 
1.89097e+11 2.80116e+29 6.188642391620724e+18 1.133185713416508e+35 
1.95487e+11 2.91424e+29 6.247355996727772e+18 1.171413866446329e+35 
2.02093e+11 3.03147e+29 6.306238290731175e+18 1.210933431002177e+35 
2.08922e+11 3.15339e+29 6.365465295289748e+18 1.251785260422102e+35 
2.15983e+11 3.28014e+29 6.425031238030170e+18 1.294015337730109e+35 
2.23282e+11 3.41198e+29 6.484960899567927e+18 1.337670127418219e+35 
2.30827e+11 3.54844e+29 6.544965021342748e+18 1.382797486340247e+35 
2.38628e+11 3.69070e+29 6.605472211474311e+18 1.429447178147769e+35 
2.46692e+11 3.83796e+29 6.666059409703778e+18 1.477671168486464e+35 
2.55030e+11 3.99116e+29 6.727028079220521e+18 1.527521554631975e+35 
2.63649e+11 4.15041e+29 6.788330035338880e+18 1.579054452956180e+35 
2.72559e+11 4.31522e+29 6.849699840417185e+18 1.632325230978321e+35 
2.81770e+11 4.48674e+29 6.911481156957916e+18 1.687392707978483e+35 
2.91293e+11 4.66505e+29 6.973603857650682e+18 1.744318207182452e+35 
3.01138e+11 4.84978e+29 7.035862006064136e+18 1.803165189847097e+35 
3.11316e+11 5.04176e+29 7.098448561859480e+18 1.863995721368443e+35 
3.21838e+11 5.24106e+29 7.161294091014133e+18 1.926878908050781e+35 
3.32715e+11 5.44773e+29 7.224333386540871e+18 1.991884935938761e+35 
3.43961e+11 5.66250e+29 7.287700412026567e+18 2.059082886074521e+35 
3.55586e+11 5.88521e+29 7.351262469649490e+18 2.128548501667352e+35 
3.67605e+11 6.11631e+29 7.415060393308960e+18 2.200356282888442e+35 
3.80030e+11 6.35603e+29 7.479074709882093e+18 2.274587612907935e+35 
3.92875e+11 6.60488e+29 7.543352173720429e+18 2.351322980787894e+35 
4.06154e+11 6.86300e+29 7.607846316198039e+18 2.430647095776013e+35 
4.19882e+11 7.13086e+29 7.672584033740508e+18 2.512647881287211e+35 
4.34074e+11 7.40853e+29 7.737498001470135e+18 2.597413598030164e+35 
4.48747e+11 7.69687e+29 7.802701398213026e+18 2.685040303901482e+35 
4.63915e+11 7.99521e+29 7.867959699598383e+18 2.775622661597613e+35 
4.79596e+11 8.30534e+29 7.933579033011056e+18 2.869260457818421e+35 
4.95808e+11 8.62715e+29 7.999444532107256e+18 2.966059106839759e+35 
5.12565e+11 8.94737e+29 8.062840916291407e+18 3.066108161921676e+35 
5.29890e+11 9.28800e+29 8.128067851801520e+18 3.169541223892465e+35 
5.47802e+11 9.64477e+29 8.194153692639478e+18 3.276469295921638e+35 
5.66320e+11 1.00151e+30 8.260504242798813e+18 3.387004283759809e+35 
5.85463e+11 1.03986e+30 8.326968373826562e+18 3.501267678481912e+35 
6.05254e+11 1.07953e+30 8.393494284948035e+18 3.619386698691001e+35 
6.25714e+11 1.11457e+30 8.450530254229580e+18 3.741487779589236e+35 
6.46866e+11 1.12947e+30 8.473899929220073e+18 3.867715294831299e+35 
6.68732e+11 1.14972e+30 8.504624333133385e+18 3.998200912424917e+35 
6.91337e+11 1.16841e+30 8.532062598239984e+18 4.133090601431576e+35 
7.14706e+11 1.18685e+30 8.558251724656083e+18 4.272531266711208e+35 
7.38863e+11 1.20518e+30 8.583433584372348e+18 4.416676654902537e+35 
7.63836e+11 1.22323e+30 8.607415168651879e+18 4.565683238382606e+35 
7.89652e+11 1.24153e+30 8.630942689315448e+18 4.719719047876060e+35 
8.16340e+11 1.25938e+30 8.653130664609001e+18 4.878950309201157e+35 
8.43929e+11 1.27799e+30 8.675512916739315e+18 5.043553921087865e+35 
8.72449e+11 1.29649e+30 8.697035412332838e+18 5.213710173629185e+35 
9.01932e+11 1.31502e+30 8.717897117728878e+18 5.389608438925694e+35 
9.32411e+11 1.33461e+30 8.739219340330414e+18 5.571439144822416e+35 
9.63919e+11 1.35367e+30 8.759294992054331e+18 5.759405631640027e+35 
9.96490e+11 1.37395e+30 8.779954691553770e+18 5.953712527234626e+35 
1.03016e+12 1.39456e+30 8.800263583371539e+18 6.154574723656420e+35 
1.06497e+12 1.41545e+30 8.820180258494611e+18 6.362213514122319e+35 
1.10095e+12 1.43682e+30 8.839884793610070e+18 6.576857259467941e+35 
1.13815e+12 1.45877e+30 8.859469017717782e+18 6.798741495474343e+35 
1.17660e+12 1.48060e+30 8.878304575078014e+18 7.028112311328474e+35 
1.21635e+12 1.50367e+30 8.897561312926937e+18 7.265220770460732e+35 
1.25745e+12 1.52767e+30 8.916935628020296e+18 7.510328453221576e+35 
1.29993e+12 1.55230e+30 8.936177252832281e+18 7.763705877285852e+35 
1.34384e+12 1.57734e+30 8.955099319012450e+18 8.025630475104240e+35 
1.38924e+12 1.60284e+30 8.973732292634132e+18 8.296390203827916e+35 
1.43617e+12 1.62987e+30 8.992843229154097e+18 8.576286589995235e+35 
1.48468e+12 1.65695e+30 9.011366010597012e+18 8.865625085131055e+35 
1.53483e+12 1.68512e+30 9.030006392710212e+18 9.164723475419965e+35 
1.58668e+12 1.71482e+30 9.049015898872007e+18 9.473912762028282e+35 
1.64027e+12 1.74394e+30 9.067043603555875e+18 9.793533730023379e+35 
1.69567e+12 1.77550e+30 9.085942996770357e+18 1.012393699021829e+36 
1.75295e+12 1.80655e+30 9.103930404312974e+18 1.046548208510006e+36 
1.81216e+12 1.83997e+30 9.122659587595056e+18 1.081856408682003e+36 
1.87336e+12 1.87316e+30 9.140650787692174e+18 1.118354284310955e+36 
1.93663e+12 1.90856e+30 9.159218793414225e+18 1.156082712724288e+36 
2.00204e+12 1.94398e+30 9.177185523678228e+18 1.195087071437778e+36 
2.06966e+12 1.98117e+30 9.195436235137677e+18 1.235403855735502e+36 
2.13956e+12 2.01881e+30 9.213303456395392e+18 1.277082778347853e+36 
2.21181e+12 2.05868e+30 9.231608074102104e+18 1.320167754625193e+36 
2.28651e+12 2.09874e+30 9.249405432891048e+18 1.364705603127092e+36 
2.36373e+12 2.13979e+30 9.267044761715542e+18 1.410745279445392e+36 
2.44355e+12 2.18292e+30 9.284971061979906e+18 1.458339663060240e+36 
2.52607e+12 2.22667e+30 9.302564772692957e+18 1.507539038069716e+36 
2.61138e+12 2.27157e+30 9.320028286085585e+18 1.558398360179759e+36 
2.69957e+12 2.31828e+30 9.337602213579842e+18 1.610973567218503e+36 
2.79073e+12 2.36571e+30 9.354864635483595e+18 1.665321658565855e+36 
2.88496e+12 2.41533e+30 9.372336157620417e+18 1.721503652299520e+36 
2.98239e+12 2.46510e+30 9.389288286385840e+18 1.779581551020973e+36 
3.08309e+12 2.51764e+30 9.406597834275963e+18 1.839618311899176e+36 
3.18720e+12 2.57013e+30 9.423325709249282e+18 1.901680362587737e+36 
3.29482e+12 2.62472e+30 9.440157782825044e+18 1.965835966895673e+36 
3.40608e+12 2.68114e+30 9.456983438526423e+18 2.032156450213100e+36 
3.52109e+12 2.73811e+30 9.473419454656653e+18 2.100714021610532e+36 
3.63998e+12 2.79661e+30 9.489747079100283e+18 2.171584310359149e+36 
3.76289e+12 2.85652e+30 9.505919634437571e+18 2.244846564886340e+36 
3.88994e+12 2.91801e+30 9.521979054079048e+18 2.320578738176268e+36 
4.02129e+12 2.98093e+30 9.537872317230535e+18 2.398867097287053e+36 
4.15706e+12 3.04533e+30 9.553612096546116e+18 2.479795856813109e+36 
4.29742e+12 3.11123e+30 9.569190049110094e+18 2.563454434851619e+36 
4.44252e+12 3.17702e+30 9.584234288250366e+18 2.649936089362008e+36 
4.59251e+12 3.24598e+30 9.599489108139846e+18 2.739334453038524e+36 
4.74757e+12 3.31585e+30 9.614440805775770e+18 2.831750210719279e+36 
4.90786e+12 3.38639e+30 9.629043855467049e+18 2.927282382518169e+36 
5.07356e+12 3.45763e+30 9.643308746523826e+18 3.026038066038215e+36 
5.24486e+12 3.53070e+30 9.657464485091371e+18 3.128125619453083e+36 
5.42193e+12 3.60478e+30 9.671345931350018e+18 3.233655587023912e+36 
5.60499e+12 3.68005e+30 9.684989250263171e+18 3.342747699879099e+36 
5.79421e+12 3.75681e+30 9.698448646276133e+18 3.455517872994399e+36 
5.98983e+12 3.83365e+30 9.711483723620391e+18 3.572095172166150e+36 
6.19205e+12 3.91152e+30 9.724261107805874e+18 3.692603932214303e+36 
6.40109e+12 3.99020e+30 9.736749780917002e+18 3.817177166699886e+36 
6.61720e+12 4.06836e+30 9.748751963027579e+18 3.945954445126459e+36 
6.84059e+12 4.14847e+30 9.760649552712958e+18 4.079074885229174e+36 
7.07152e+12 4.22854e+30 9.772155592932051e+18 4.216688105881287e+36 
7.31025e+12 4.30925e+30 9.783373364173201e+18 4.358942363964552e+36 
7.55703e+12 4.39065e+30 9.794319037030877e+18 4.505995666980209e+36 
7.81214e+12 4.47058e+30 9.804715461070539e+18 4.658010727358606e+36 
8.07586e+12 4.55255e+30 9.815028650567369e+18 4.815153911190827e+36 
8.34848e+12 4.63355e+30 9.824888713236906e+18 4.977597874338218e+36 
8.63030e+12 4.71398e+30 9.834358332599304e+18 5.145522844893599e+36 
8.92163e+12 4.79418e+30 9.843493785142475e+18 5.319110692356277e+36 
9.22279e+12 4.87277e+30 9.852153566302233e+18 5.498557375391223e+36 
9.53412e+12 4.95166e+30 9.860561155500515e+18 5.684056631499845e+36 
9.85594e+12 5.03042e+30 9.868682774131313e+18 5.875813296824691e+36 
1.01886e+13 5.10733e+30 9.876353583085718e+18 6.074040340895695e+36 
1.05326e+13 5.18348e+30 9.883701361032884e+18 6.278954458314830e+36 
1.08881e+13 5.25861e+30 9.890713976972425e+18 6.490781097300013e+36 
1.12556e+13 5.33258e+30 9.897393064560943e+18 6.709753483749948e+36 
1.16355e+13 5.40568e+30 9.903777754720328e+18 6.936114041407559e+36 
1.20283e+13 5.47643e+30 9.909755855671237e+18 7.170110237051820e+36 
1.24342e+13 5.54808e+30 9.915611880912896e+18 7.412000820235304e+36 
1.28539e+13 5.61635e+30 9.921009793893540e+18 7.662052067724804e+36 
1.32878e+13 5.68549e+30 9.926297861511383e+18 7.920538312814391e+36 
1.37363e+13 5.75289e+30 9.931285456488358e+18 8.187744965917631e+36 
1.41999e+13 5.81866e+30 9.935992590460891e+18 8.463965452923746e+36 
1.46792e+13 5.88387e+30 9.940507165092854e+18 8.749505009290208e+36 
1.51746e+13 5.95013e+30 9.944945064459690e+18 9.044677048754176e+36 
1.56868e+13 6.01692e+30 9.949272360199657e+18 9.349807432169907e+36 
1.62162e+13 6.08448e+30 9.953506557010807e+18 9.665230735577067e+36 
1.67635e+13 6.15234e+30 9.957620287124406e+18 9.991296219504071e+36 
1.73293e+13 6.22428e+30 9.961838880838289e+18 1.032836572638830e+37 
1.79141e+13 6.29989e+30 9.966128438927944e+18 1.067679874017046e+37 
1.85187e+13 6.37916e+30 9.970478387791589e+18 1.103698693940456e+37 
1.91437e+13 6.46375e+30 9.974968615216697e+18 1.140933946618262e+37 
1.97897e+13 6.55752e+30 9.979783481791207e+18 1.179422859791525e+37 
2.04576e+13 6.66088e+30 9.984917398682939e+18 1.219212456400151e+37 
2.11480e+13 6.77514e+30 9.990407038064986e+18 1.260343947046745e+37 
2.18617e+13 6.90548e+30 9.996464828483178e+18 1.302861591467550e+37 
2.25995e+13 7.05187e+30 1.000304666718097e+19 1.346814940708829e+37 
2.33622e+13 7.22008e+30 1.001036223725576e+19 1.392251052892826e+37 
2.41506e+13 7.41239e+30 1.001845275577740e+19 1.439219536619394e+37 
2.49656e+13 7.63371e+30 1.002745997259719e+19 1.487773314734793e+37 
2.58082e+13 7.88853e+30 1.003749156498796e+19 1.537964431156389e+37 
2.66791e+13 8.18326e+30 1.004871585507110e+19 1.589847891502012e+37 
2.75795e+13 8.52355e+30 1.006125225611585e+19 1.643483256860149e+37 
2.85102e+13 8.91818e+30 1.007531537068612e+19 1.698927579310620e+37 
2.94724e+13 9.37522e+30 1.009107117455260e+19 1.756242017276216e+37 
3.04670e+13 9.90005e+30 1.010857350032309e+19 1.815490298073510e+37 
3.14952e+13 1.05075e+31 1.012816776351844e+19 1.876737373200743e+37 
3.25581e+13 1.12065e+31 1.014998120107445e+19 1.940050722700791e+37 
3.36569e+13 1.20112e+31 1.017427358567484e+19 2.005499792440926e+37 
3.47929e+13 1.29355e+31 1.020126266556618e+19 2.073156847363839e+37 
3.59671e+13 1.39956e+31 1.023120929719724e+19 2.143096194934082e+37 
3.71810e+13 1.52093e+31 1.026437079152922e+19 2.215394924160350e+37 
3.84360e+13 1.65974e+31 1.030106052910942e+19 2.290132896317715e+37 
3.97333e+13 1.81821e+31 1.034157991697914e+19 2.367391395316811e+37 
4.10744e+13 1.99885e+31 1.038625630880194e+19 2.447257597916371e+37 
4.24609e+13 2.20441e+31 1.043543592520121e+19 2.529817488118787e+37 
4.38942e+13 2.43799e+31 1.048949110577221e+19 2.615162906623673e+37 
4.53760e+13 2.70301e+31 1.054881992342885e+19 2.703388025799589e+37 
4.69078e+13 3.00327e+31 1.061383720041207e+19 2.794587433039768e+37 
4.84915e+13 3.34308e+31 1.068501339130651e+19 2.888864741210259e+37 
5.01284e+13 3.72391e+31 1.076219166212477e+19 2.986306847292117e+37 
5.18203e+13 4.09423e+31 1.083484233016315e+19 3.087010626299632e+37 
5.35703e+13 4.37073e+31 1.088745730714737e+19 3.191164633145176e+37 
5.53813e+13 4.49696e+31 1.090984593000005e+19 3.298947347644937e+37 
5.72557e+13 4.45319e+31 1.090217405804280e+19 3.410501308550693e+37 
5.91955e+13 4.26180e+31 1.086694143448542e+19 3.525957570755977e+37 
6.12020e+13 3.98707e+31 1.081407012880970e+19 3.645414016904739e+37 
6.32764e+13 3.72510e+31 1.076242734884038e+19 3.768926501997881e+37 
6.54198e+13 3.57812e+31 1.073294668310401e+19 3.896538180362282e+37 
6.76340e+13 3.60555e+31 1.073847647489721e+19 4.028334308931948e+37 
6.99216e+13 3.84843e+31 1.078688442217177e+19 4.164439012841271e+37 
7.22841e+13 4.42524e+31 1.089728670330099e+19 4.304916338097542e+37 
7.47241e+13 5.37757e+31 1.102930806583410e+19 4.450107089587219e+37 
7.72449e+13 6.64952e+31 1.119648755584387e+19 4.600098535247119e+37 
7.98508e+13 8.11766e+31 1.138330420462169e+19 4.755122329333216e+37 
8.25462e+13 9.66578e+31 1.157353935578600e+19 4.915432152180052e+37 
8.53340e+13 1.13182e+32 1.177022752377778e+19 5.081206079029095e+37 
8.82169e+13 1.31754e+32 1.198394590857429e+19 5.252595184208285e+37 
9.11983e+13 1.52576e+32 1.221542440485853e+19 5.429799353995912e+37 
9.42816e+13 1.76037e+32 1.246788353213537e+19 5.613002594622071e+37 
9.74697e+13 2.02706e+32 1.274535025238224e+19 5.802384992790854e+37 
1.00766e+14 2.33133e+32 1.305159478738430e+19 5.998136074513891e+37 
1.04175e+14 2.67618e+32 1.338724291051064e+19 6.200482426759322e+37 
1.07700e+14 3.06550e+32 1.375352537762280e+19 6.409653606848862e+37 
1.11345e+14 3.50476e+32 1.415333537617327e+19 6.625878378269202e+37 
1.15116e+14 4.00033e+32 1.458920926363922e+19 6.849399662183953e+37 
1.19015e+14 4.55901e+32 1.506450159875450e+19 7.080461323959855e+37 
1.23048e+14 5.18789e+32 1.558170303699807e+19 7.319319658507368e+37 
1.27220e+14 5.89485e+32 1.614377926925153e+19 7.566237730905287e+37 
1.31535e+14 6.68835e+32 1.675379042853206e+19 7.821485618607689e+37 
1.36000e+14 7.57771e+32 1.741471747429063e+19 8.085344882259497e+37 
1.40618e+14 8.57357e+32 1.812983809883354e+19 8.358109100765633e+37 
1.45396e+14 9.68723e+32 1.890302287760994e+19 8.640074157279125e+37 
1.50340e+14 1.09307e+33 1.973730248602773e+19 8.931550449831289e+37 
1.55455e+14 1.23173e+33 2.063668945449501e+19 9.232854834237364e+37 
1.60748e+14 1.38623e+33 2.160471429837073e+19 9.544324476350080e+37 
1.66226e+14 1.55833e+33 2.264688820234360e+19 9.866301814006106e+37 
1.71896e+14 1.74998e+33 2.376836142911639e+19 1.019914448923817e+38 
1.77765e+14 1.96320e+33 2.497347373126739e+19 1.054322407698797e+38 
1.83840e+14 2.20001e+33 2.626656791101843e+19 1.089891062618836e+38 
1.90129e+14 2.46267e+33 2.765196741394936e+19 1.126659080238470e+38 
1.96641e+14 2.75377e+33 2.913467220206442e+19 1.164667355162759e+38 
2.03384e+14 3.07653e+33 3.072265971803757e+19 1.203957615549589e+38 
2.10367e+14 3.43394e+33 3.242030091831679e+19 1.244574237452703e+38 
2.17600e+14 3.82927e+33 3.423338275124797e+19 1.286561182994249e+38 
2.25093e+14 4.26616e+33 3.616776810183481e+19 1.329964320325976e+38 
2.32856e+14 4.74697e+33 3.822258532261655e+19 1.374831351046291e+38 
2.40899e+14 5.27013e+33 4.038014876261797e+19 1.421211849605701e+38 
2.49234e+14 5.83828e+33 4.264154982458637e+19 1.469156997087545e+38 
2.57873e+14 6.45990e+33 4.502876157773614e+19 1.518719616202455e+38 
2.66827e+14 7.14117e+33 4.755260633243350e+19 1.569954075257544e+38 
2.76110e+14 7.88764e+33 5.021993114821534e+19 1.622917608326236e+38 
2.85736e+14 8.70579e+33 5.303943230929730e+19 1.677668279906002e+38 
2.95719e+14 9.60210e+33 5.601812698149129e+19 1.734265324848416e+38 
3.06074e+14 1.05839e+34 5.916329785510681e+19 1.792771857117472e+38 
3.16816e+14 1.16589e+34 6.248294953097551e+19 1.853252031538714e+38 
3.27963e+14 1.28354e+34 6.598445161122377e+19 1.915772180236213e+38 
3.39533e+14 1.41225e+34 6.967499433498160e+19 1.980401356104353e+38 
3.51543e+14 1.55299e+34 7.356200956096530e+19 2.047212208832131e+38 
3.64014e+14 1.70678e+34 7.765327898106611e+19 2.116276148012671e+38 
3.76966e+14 1.87473e+34 8.195504643351290e+19 2.187669680503005e+38 
3.90420e+14 2.05802e+34 8.647420702542470e+19 2.261472215303216e+38 
4.04401e+14 2.25792e+34 9.121753422146830e+19 2.337764646522321e+38 
4.18931e+14 2.47577e+34 9.619147381403691e+19 2.416630373770671e+38 
4.34037e+14 2.71303e+34 1.014020240631926e+20 2.498156084617895e+38 
4.49745e+14 2.97123e+34 1.068546890099910e+20 2.582433823432527e+38 
4.66085e+14 3.25198e+34 1.125548666123656e+20 2.669553935534161e+38 
4.83085e+14 3.55702e+34 1.185074585109667e+20 2.759612474724973e+38 
5.00778e+14 3.88819e+34 1.247167639030195e+20 2.852709325952105e+38 
5.19198e+14 4.24741e+34 1.311864892265881e+20 2.948947604958057e+38 
5.38379e+14 4.63676e+34 1.379201079835338e+20 3.048432706097644e+38 
5.58360e+14 5.05838e+34 1.449205187312381e+20 3.151273450411822e+38 
5.79179e+14 5.51457e+34 1.521898775590507e+20 3.257582655822282e+38 
6.00879e+14 6.00773e+34 1.597293627637712e+20 3.367479890320910e+38 
6.23503e+14 6.54042e+34 1.675403965930581e+20 3.481083636540779e+38 
6.47099e+14 7.11530e+34 1.756234317396011e+20 3.598519603137682e+38 
6.71714e+14 7.73517e+34 1.839776641971781e+20 3.719918493176872e+38 
6.97401e+14 8.40301e+34 1.926028103509498e+20 3.845412033363122e+38 
7.24215e+14 9.12190e+34 2.014971404625872e+20 3.975140156733779e+38 
7.52214e+14 9.89511e+34 2.106592096624619e+20 4.109243102746882e+38 
7.81457e+14 1.07261e+35 2.200858349416332e+20 4.247871613080581e+38 
8.12011e+14 1.16184e+35 2.297745829426103e+20 4.391175718182426e+38 
8.43939e+14 1.25719e+35 2.396816144774482e+20 4.539303152516413e+38 
8.77333e+14 1.36081e+35 2.501295813322896e+20 4.691715273520207e+38 
9.11540e+14 1.38029e+35 2.520132634641823e+20 4.847435316410926e+38 
9.47112e+14 1.38512e+35 2.524613512962625e+20 5.009280596536292e+38 
9.84217e+14 1.38740e+35 2.526517538130350e+20 5.178121598933662e+38 
1.02293e+15 1.38547e+35 2.524895591340127e+20 5.354191092402622e+38 
1.06306e+15 1.43303e+35 2.570044569180343e+20 5.532913972967359e+38 
1.10455e+15 1.57348e+35 2.681770593350568e+20 5.719850674876038e+38 
1.14799e+15 1.72146e+35 2.794782431925117e+20 5.912813169735833e+38 
1.19347e+15 1.88170e+35 2.911672510474241e+20 6.112271710069448e+38 
1.24112e+15 2.05512e+35 3.032383154119174e+20 6.318503950942664e+38 
1.29105e+15 2.24275e+35 3.157132151456768e+20 6.531599770642308e+38 
1.34339e+15 2.44564e+35 3.285697069784899e+20 6.751965130073983e+38 
1.39830e+15 2.66498e+35 3.418158538320510e+20 6.979798406290881e+38 
1.45591e+15 2.90198e+35 3.554613627623931e+20 7.215283297580754e+38 
1.51639e+15 3.15799e+35 3.695089752713002e+20 7.458655005269955e+38 
1.57991e+15 3.43442e+35 3.839486435811052e+20 7.710260739338997e+38 
1.64665e+15 3.73280e+35 3.987813279152665e+20 7.970365137053998e+38 
1.71681e+15 4.05477e+35 4.140047507277580e+20 8.239265209776778e+38 
1.79058e+15 4.40205e+35 4.296191367884171e+20 8.517240730328572e+38 
1.86820e+15 4.77652e+35 4.456207588782325e+20 8.804611666074656e+38 
1.94990e+15 5.18018e+35 4.620187774144593e+20 9.101574914583025e+38 
2.03593e+15 5.61515e+35 4.787890203513560e+20 9.408664673492375e+38 
2.12655e+15 6.08370e+35 4.959474139147540e+20 9.726015135496167e+38 
2.22206e+15 6.58829e+35 5.134789004274753e+20 1.005408457200719e+39 
2.32275e+15 7.13148e+35 5.313745886616449e+20 1.039328083842270e+39 
2.42896e+15 7.71603e+35 5.496323770746792e+20 1.074392984514694e+39 
2.54102e+15 8.34254e+35 5.681788809022947e+20 1.110640815221999e+39 
2.65930e+15 9.01489e+35 5.870376810400216e+20 1.148109225155651e+39 
2.78418e+15 9.73707e+35 6.062174177122875e+20 1.186849137069942e+39 
2.91608e+15 1.05129e+36 6.257394528377343e+20 1.226875356097724e+39 
3.05546e+15 1.13462e+36 6.455701428729816e+20 1.268272251700902e+39 
3.20278e+15 1.22411e+36 6.657261885671535e+20 1.311055200042896e+39 
3.35854e+15 1.32019e+36 6.861964483630417e+20 1.355276853037537e+39 
3.52330e+15 1.42333e+36 7.069564346673737e+20 1.401011895109783e+39 
3.69763e+15 1.53402e+36 7.280239543383086e+20 1.448271079701053e+39 
3.88214e+15 1.65276e+36 7.493705946613294e+20 1.497137487346965e+39 
4.07750e+15 1.78012e+36 7.710088827385904e+20 1.547629337493640e+39 
