500
1.26052e+05 7.60524e+20 9.999999999999999e-01 7.593550910452448e+28 
1.32261e+05 8.22678e+20 4.812644812294508e+14 7.967592087450971e+28 
1.38776e+05 8.89892e+20 9.772711183862765e+14 8.360057680691570e+28 
1.45612e+05 9.62566e+20 1.488392686458646e+15 8.771855234517233e+28 
1.52785e+05 1.04113e+21 2.015013592337863e+15 9.203936997035063e+28 
1.60310e+05 1.12606e+21 2.557532013778513e+15 9.657302122188225e+28 
1.68207e+05 1.21784e+21 3.116362147487768e+15 1.013299898029705e+29 
1.76493e+05 1.31704e+21 3.691936468054128e+15 1.063212758240328e+29 
1.85186e+05 1.42423e+21 4.284707824479655e+15 1.115584212400998e+29 
1.94308e+05 1.54005e+21 4.895151118556207e+15 1.170535365407782e+29 
2.03879e+05 1.66519e+21 5.523766717718191e+15 1.228193287562890e+29 
2.13922e+05 1.80042e+21 6.171123852792768e+15 1.288691308774094e+29 
2.24460e+05 1.94653e+21 6.837773940072130e+15 1.352169326143354e+29 
2.35516e+05 2.10438e+21 7.524163301719558e+15 1.418774126568052e+29 
2.47117e+05 2.27487e+21 8.230709265027084e+15 1.488659726705124e+29 
2.59290e+05 2.45901e+21 8.957972291490019e+15 1.561987730654756e+29 
2.72062e+05 2.65790e+21 9.706660326656550e+15 1.638927702959504e+29 
2.85463e+05 2.87273e+21 1.047736022384133e+16 1.719657560735982e+29 
2.99525e+05 3.10471e+21 1.127052803375253e+16 1.804363986232318e+29 
3.14279e+05 3.35515e+21 1.208661535473704e+16 1.893242857728018e+29 
3.29760e+05 3.62553e+21 1.292629262840052e+16 1.986499700985340e+29 
3.46003e+05 3.91745e+21 1.379032699247719e+16 2.084350166133284e+29 
3.63047e+05 4.23260e+21 1.467933604865501e+16 2.187020524213309e+29 
3.80930e+05 4.57276e+21 1.559382914768586e+16 2.294748189530235e+29 
3.99694e+05 4.93984e+21 1.653435827579623e+16 2.407782270815110e+29 
4.19382e+05 5.33599e+21 1.750173678421728e+16 2.526384150082831e+29 
4.40040e+05 5.76355e+21 1.849680983603440e+16 2.650828083718830e+29 
4.61716e+05 6.22495e+21 1.952019630807745e+16 2.781401838079648e+29 
4.84459e+05 6.72269e+21 2.057237392040283e+16 2.918407355391633e+29 
5.08323e+05 7.25953e+21 2.165394185553527e+16 3.062161450670453e+29 
5.33362e+05 7.83862e+21 2.276584460580399e+16 3.212996543939144e+29 
5.59635e+05 8.46328e+21 2.390894396090045e+16 3.371261429902761e+29 
5.87202e+05 9.13696e+21 2.508387248928340e+16 3.537322081994563e+29 
6.16126e+05 9.86330e+21 2.629116494469599e+16 3.711562499268402e+29 
6.46476e+05 1.06463e+22 2.753156068044274e+16 3.894385597334363e+29 
6.78321e+05 1.14905e+22 2.880612342984123e+16 4.086214141192145e+29 
7.11734e+05 1.24007e+22 3.011573700944548e+16 4.287491718478163e+29 
7.46793e+05 1.33817e+22 3.146102181303219e+16 4.498683764859993e+29 
7.83579e+05 1.44387e+22 3.284253284532208e+16 4.720278641516311e+29 
8.22177e+05 1.55776e+22 3.426116323347052e+16 4.952788767284172e+29 
8.62676e+05 1.68049e+22 3.571808560410842e+16 5.196751802681785e+29 
9.05171e+05 1.81273e+22 3.721418813417863e+16 5.452731891486839e+29 
9.49758e+05 1.95517e+22 3.875009150942275e+16 5.721320966221374e+29 
9.96543e+05 2.10856e+22 4.032642106083074e+16 6.003140117128534e+29 
1.04563e+06 2.27374e+22 4.194427433125056e+16 6.298841029433465e+29 
1.09714e+06 2.45165e+22 4.360492239949543e+16 6.609107491247967e+29 
1.15118e+06 2.64323e+22 4.530921868073562e+16 6.934656966459855e+29 
1.20789e+06 2.84946e+22 4.705770329506858e+16 7.276242253130058e+29 
1.26739e+06 3.07139e+22 4.885103265319271e+16 7.634653231361105e+29 
1.32982e+06 3.31025e+22 5.069050733935370e+16 8.010718698646022e+29 
1.39532e+06 3.56734e+22 5.257740408699206e+16 8.405308275494945e+29 
1.46406e+06 3.84398e+22 5.451254026858373e+16 8.819334415985425e+29 
1.53617e+06 4.14158e+22 5.649647821096124e+16 9.253754519491678e+29 
1.61184e+06 4.46164e+22 5.853005085192019e+16 9.709573146256970e+29 
1.69124e+06 4.80592e+22 6.061477058918649e+16 1.018784434513841e+30 
1.77455e+06 5.17625e+22 6.275192173279867e+16 1.068967408279795e+30 
1.86197e+06 5.57448e+22 6.494224337323551e+16 1.121622278960943e+30 
1.95368e+06 6.00257e+22 6.718625121495303e+16 1.176870804844115e+30 
2.04992e+06 6.46270e+22 6.948497173390412e+16 1.234840742868005e+30 
2.15090e+06 6.95735e+22 7.184012634748238e+16 1.295666144361139e+30 
2.25685e+06 7.48907e+22 7.425294749491229e+16 1.359487662763117e+30 
2.36802e+06 8.06047e+22 7.672405046945576e+16 1.426452879025869e+30 
2.48467e+06 8.67426e+22 7.925391773115128e+16 1.496716643448040e+30 
2.60707e+06 9.33359e+22 8.184384350891565e+16 1.570441435038023e+30 
2.73549e+06 1.00419e+23 8.449566601982722e+16 1.647797737085006e+30 
2.87024e+06 1.08028e+23 8.721051544898688e+16 1.728964429346667e+30 
3.01163e+06 1.16199e+23 8.998890581465550e+16 1.814129201625179e+30 
3.15998e+06 1.24970e+23 9.283139611562469e+16 1.903488988978231e+30 
3.31564e+06 1.34385e+23 9.573962914740912e+16 1.997250429701651e+30 
3.47897e+06 1.44495e+23 9.871548520791814e+16 2.095630341735331e+30 
3.65034e+06 1.55347e+23 1.017600091205753e+17 2.198856218969356e+30 
3.83016e+06 1.66992e+23 1.048736826499185e+17 2.307166757607491e+30 
4.01883e+06 1.79485e+23 1.080572826436347e+17 2.420812412461441e+30 
4.21680e+06 1.92891e+23 1.113129101383059e+17 2.540055980979517e+30 
4.42452e+06 2.07276e+23 1.146425191988725e+17 2.665173204262907e+30 
4.64247e+06 2.22709e+23 1.180468452916095e+17 2.796453403878724e+30 
4.87116e+06 2.39257e+23 1.215259497008932e+17 2.934200152106122e+30 
5.11112e+06 2.56999e+23 1.250806601035028e+17 3.078731976202229e+30 
5.36290e+06 2.76022e+23 1.287133499004417e+17 3.230383098515492e+30 
5.62708e+06 2.96421e+23 1.324257342069115e+17 3.389504202068625e+30 
5.90427e+06 3.18288e+23 1.362185269621636e+17 3.556463235107481e+30 
6.19512e+06 3.41720e+23 1.400920974321684e+17 3.731646265944650e+30 
6.50029e+06 3.66829e+23 1.440478727241331e+17 3.915458387971969e+30 
6.82050e+06 3.93741e+23 1.480885582975937e+17 4.108324657273484e+30 
7.15649e+06 4.22583e+23 1.522157859659206e+17 4.310691060422077e+30 
7.50902e+06 4.53482e+23 1.564298991813462e+17 4.523025546348271e+30 
7.87893e+06 4.86574e+23 1.607310377462336e+17 4.745819113122667e+30 
8.26705e+06 5.22014e+23 1.651211619919891e+17 4.979586954334087e+30 
8.67430e+06 5.59978e+23 1.696032004239248e+17 5.224869648567040e+30 
9.10160e+06 6.00642e+23 1.741784956695295e+17 5.482234388641122e+30 
9.54996e+06 6.44178e+23 1.788470951742378e+17 5.752276292139315e+30 
1.00204e+07 6.90775e+23 1.836092379956826e+17 6.035619791337162e+30 
1.05140e+07 7.40654e+23 1.884675116907372e+17 6.332920100640799e+30 
1.10320e+07 7.94057e+23 1.934247580549855e+17 6.644864710907873e+30 
1.15754e+07 8.51221e+23 1.984820361979881e+17 6.972174960217901e+30 
1.21456e+07 9.12387e+23 2.036392764842289e+17 7.315607706875207e+30 
1.27440e+07 9.77818e+23 2.088971491521441e+17 7.675957097367773e+30 
1.33718e+07 1.04783e+24 2.142589216012306e+17 8.054056425301992e+30 
1.40305e+07 1.12275e+24 2.197273333689984e+17 8.450780025410033e+30 
1.47216e+07 1.20291e+24 2.253031108142218e+17 8.867045272059424e+30 
1.54469e+07 1.28863e+24 2.309859918006503e+17 9.303814711308695e+30 
1.62078e+07 1.38028e+24 2.367772085561074e+17 9.762098323882617e+30 
1.70063e+07 1.47832e+24 2.426806907832878e+17 1.024295588567265e+31 
1.78440e+07 1.58319e+24 2.486989327423061e+17 1.074749934952156e+31 
1.87231e+07 1.69532e+24 2.548321863178799e+17 1.127689539416481e+31 
1.96454e+07 1.81518e+24 2.610799824719901e+17 1.183236814742460e+31 
2.06132e+07 1.94329e+24 2.674443144575028e+17 1.241520208580663e+31 
2.16287e+07 2.08026e+24 2.739294407984699e+17 1.302674500563675e+31 
2.26942e+07 2.22670e+24 2.805374455312862e+17 1.366841104548382e+31 
2.38122e+07 2.38321e+24 2.872682925766858e+17 1.434168395357618e+31 
2.49852e+07 2.55043e+24 2.941217741153779e+17 1.504812055781805e+31 
2.62161e+07 2.72910e+24 3.011009522797099e+17 1.578935445143806e+31 
2.75076e+07 2.92007e+24 3.082102455911616e+17 1.656709973485309e+31 
2.88627e+07 3.12415e+24 3.154512693821093e+17 1.738315486067302e+31 
3.02846e+07 3.34218e+24 3.228234806142952e+17 1.823940679809186e+31 
3.17765e+07 3.57501e+24 3.303268859105176e+17 1.913783547740153e+31 
3.33419e+07 3.82373e+24 3.379656446047699e+17 2.008051850036607e+31 
3.49845e+07 4.08946e+24 3.457439868941395e+17 2.106963581407636e+31 
3.67080e+07 4.37333e+24 3.536630105427210e+17 2.210747462031503e+31 
3.85164e+07 4.67645e+24 3.617219417736376e+17 2.319643469811120e+31 
4.04139e+07 5.00005e+24 3.699215384888220e+17 2.433903409468416e+31 
4.24048e+07 5.34564e+24 3.782669503461609e+17 2.553791510078010e+31 
4.44939e+07 5.71475e+24 3.867620563274961e+17 2.679585010045831e+31 
4.66859e+07 6.10890e+24 3.954074479347946e+17 2.811574784543398e+31 
4.89859e+07 6.52962e+24 4.042022481820409e+17 2.950066026179479e+31 
5.13992e+07 6.97865e+24 4.131483136834575e+17 3.095378976590828e+31 
5.39313e+07 7.45810e+24 4.222516654480302e+17 3.247849677686958e+31 
5.65883e+07 7.97004e+24 4.315156979197613e+17 3.407830708367735e+31 
5.93761e+07 8.51652e+24 4.409402600640581e+17 3.575691993884361e+31 
6.23013e+07 9.09962e+24 4.505242481821707e+17 3.751821674643612e+31 
6.53707e+07 9.72182e+24 4.602708036181538e+17 3.936627037964474e+31 
6.85912e+07 1.03860e+25 4.701862598438182e+17 4.130535459496785e+31 
7.19704e+07 1.10950e+25 4.802733156279980e+17 4.333995335948091e+31 
7.55161e+07 1.18515e+25 4.905314189517393e+17 4.547477117380006e+31 
7.92366e+07 1.26584e+25 5.009600010810696e+17 4.771474424098910e+31 
8.31403e+07 1.35194e+25 5.115638295357754e+17 5.006505247801272e+31 
8.72363e+07 1.44382e+25 5.223492174374629e+17 5.253113114121101e+31 
9.15342e+07 1.54187e+25 5.333181730281033e+17 5.511868269907830e+31 
9.60438e+07 1.64647e+25 5.444696303306052e+17 5.783369009343342e+31 
1.00776e+08 1.75801e+25 5.558036815733299e+17 6.068243108797324e+31 
1.05741e+08 1.87701e+25 5.673267625215608e+17 6.367149352498736e+31 
1.10950e+08 2.00398e+25 5.790448847793094e+17 6.680778970335987e+31 
1.16416e+08 2.13943e+25 5.909589873281439e+17 7.009857175148031e+31 
1.22152e+08 2.28387e+25 6.030671151386753e+17 7.355144861308432e+31 
1.28170e+08 2.43787e+25 6.153701409794350e+17 7.717440442076169e+31 
1.34485e+08 2.60212e+25 6.278755298521779e+17 8.097581769569689e+31 
1.41111e+08 2.77731e+25 6.405883013671018e+17 8.496447926959182e+31 
1.48063e+08 2.96415e+25 6.535090500082816e+17 8.914961194072203e+31 
1.55358e+08 3.16332e+25 6.666366407507836e+17 9.354089228287150e+31 
1.63012e+08 3.37566e+25 6.799741143483971e+17 9.814847450404812e+31 
1.71044e+08 3.60210e+25 6.935300240449624e+17 1.029830143679002e+32 
1.79471e+08 3.84361e+25 7.073088241892570e+17 1.080556915231680e+32 
1.88313e+08 4.10111e+25 7.213098618857823e+17 1.133782350482275e+32 
1.97591e+08 4.37555e+25 7.355314053901690e+17 1.189629514257556e+32 
2.07327e+08 4.66808e+25 7.499783831034656e+17 1.248227550834792e+32 
2.17542e+08 4.98000e+25 7.646597652642611e+17 1.309711978527406e+32 
2.28260e+08 5.31259e+25 7.795789282131530e+17 1.374224973620769e+32 
2.39507e+08 5.66710e+25 7.947345770463721e+17 1.441915698735620e+32 
2.51307e+08 6.04486e+25 8.101257708561554e+17 1.512940663842310e+32 
2.63690e+08 6.44749e+25 8.257596833453843e+17 1.587464118800679e+32 
2.76682e+08 6.87675e+25 8.416449623553079e+17 1.665658410822866e+32 
2.90314e+08 7.33435e+25 8.577838475552321e+17 1.747704350149500e+32 
3.04619e+08 7.82199e+25 8.741742799127060e+17 1.833791633294781e+32 
3.19628e+08 8.34151e+25 8.908163968526038e+17 1.924119309251903e+32 
3.35376e+08 8.89517e+25 9.077193920325801e+17 2.018896276075442e+32 
3.51901e+08 9.48536e+25 9.248910779406996e+17 2.118341716095804e+32 
3.69240e+08 1.01144e+26 9.423328696895859e+17 2.222685571465697e+32 
3.87434e+08 1.07845e+26 9.600428931163201e+17 2.332169088691086e+32 
4.06524e+08 1.14984e+26 9.780235325079244e+17 2.447045422190492e+32 
4.26555e+08 1.22593e+26 9.962860033812415e+17 2.567580253828183e+32 
4.47573e+08 1.30703e+26 1.014837354067074e+18 2.694052326585000e+32 
4.69626e+08 1.39344e+26 1.033677082777522e+18 2.826754062881603e+32 
4.92767e+08 1.48549e+26 1.052801903756545e+18 2.965992267078800e+32 
5.17047e+08 1.58353e+26 1.072216013254367e+18 3.112088910067707e+32 
5.42525e+08 1.68800e+26 1.091931115139157e+18 3.265381887140034e+32 
5.69257e+08 1.79932e+26 1.111952679027423e+18 3.426225682617731e+32 
5.97308e+08 1.91792e+26 1.132280152790563e+18 3.594992176256697e+32 
6.26740e+08 2.04422e+26 1.152912200026794e+18 3.772071551221288e+32 
6.57623e+08 2.17875e+26 1.173856399143363e+18 3.957873307619866e+32 
6.90028e+08 2.32210e+26 1.195125101784636e+18 4.152827170420114e+32 
7.24030e+08 2.47483e+26 1.216722227835336e+18 4.357383942894538e+32 
7.59708e+08 2.63751e+26 1.238644645877941e+18 4.572016554825455e+32 
7.97144e+08 2.81072e+26 1.260890308388062e+18 4.797221239367164e+32 
8.36425e+08 2.99519e+26 1.283469440375130e+18 5.033518826850665e+32 
8.77642e+08 3.19171e+26 1.306392927438327e+18 5.281455822567147e+32 
9.20890e+08 3.40103e+26 1.329663758116541e+18 5.541605519306961e+32 
9.66270e+08 3.62393e+26 1.353280227369739e+18 5.814569353282682e+32 
1.01389e+09 3.86126e+26 1.377243981631142e+18 6.100978439931489e+32 
1.06385e+09 4.11403e+26 1.401568327175607e+18 6.401495202569882e+32 
1.11627e+09 4.38331e+26 1.426263843837750e+18 6.716814647551539e+32 
1.17128e+09 4.67010e+26 1.451330282496257e+18 7.047665832385990e+32 
1.22900e+09 4.97541e+26 1.476761859968093e+18 7.394813623411735e+32 
1.28957e+09 5.30039e+26 1.502560433290540e+18 7.759060703819535e+32 
1.35312e+09 5.64644e+26 1.528740983341676e+18 8.141249570372990e+32 
1.41980e+09 6.01494e+26 1.555310663975231e+18 8.542264070682717e+32 
1.48977e+09 6.40722e+26 1.582265732989176e+18 8.963031342314485e+32 
1.56319e+09 6.82460e+26 1.609598911536820e+18 9.404524096753669e+32 
1.64023e+09 7.26867e+26 1.637314093306703e+18 9.867763247226229e+32 
1.72106e+09 7.74125e+26 1.665422921288574e+18 1.035382027903908e+33 
1.80588e+09 8.24417e+26 1.693931046165493e+18 1.086381918031700e+33 
1.89488e+09 8.77931e+26 1.722840856362549e+18 1.139893900527477e+33 
1.98826e+09 9.34869e+26 1.752155351560217e+18 1.196041683902938e+33 
2.08625e+09 9.95461e+26 1.781885981897676e+18 1.254955118325658e+33 
2.18907e+09 1.05997e+27 1.812050232483282e+18 1.316770470916555e+33 
2.29696e+09 1.12864e+27 1.842652565291549e+18 1.381630677178232e+33 
2.41016e+09 1.20171e+27 1.873685680463665e+18 1.449685676336996e+33 
2.52895e+09 1.27943e+27 1.905145066456790e+18 1.521092800936098e+33 
2.65359e+09 1.36213e+27 1.937047218058770e+18 1.596017208975953e+33 
2.78437e+09 1.45016e+27 1.969407720542445e+18 1.674632196083213e+33 
2.92161e+09 1.54384e+27 2.002228209297656e+18 1.757119530432667e+33 
3.06560e+09 1.64349e+27 2.035502336149364e+18 1.843669890554219e+33 
3.21670e+09 1.74949e+27 2.069230343413489e+18 1.934483379264425e+33 
3.37524e+09 1.86226e+27 2.103430306090053e+18 2.029770059590964e+33 
3.54160e+09 1.98227e+27 2.138114679136975e+18 2.129750311697573e+33 
3.71616e+09 2.10996e+27 2.173283631080335e+18 2.234655286025400e+33 
3.89933e+09 2.24577e+27 2.208932029091947e+18 2.344727474765598e+33 
4.09152e+09 2.39021e+27 2.245065170258786e+18 2.460221389389885e+33 
4.29319e+09 2.54389e+27 2.281703859807695e+18 2.581404201179739e+33 
4.50481e+09 2.70742e+27 2.318858491304767e+18 2.708556163248700e+33 
4.72685e+09 2.88137e+27 2.356525462282434e+18 2.841971218460037e+33 
4.95984e+09 3.06635e+27 2.394697426149273e+18 2.981957750589822e+33 
5.20432e+09 3.26307e+27 2.433383665117258e+18 3.128839480799139e+33 
5.46086e+09 3.47234e+27 2.472605121760453e+18 3.282956195098508e+33 
5.73004e+09 3.69496e+27 2.512368275047664e+18 3.444664278816841e+33 
6.01249e+09 3.93170e+27 2.552666926713755e+18 3.614337535104999e+33 
6.30887e+09 4.18338e+27 2.593494628914594e+18 3.792368171168306e+33 
6.61986e+09 4.45097e+27 2.634865270205429e+18 3.979167953147610e+33 
6.94618e+09 4.73558e+27 2.676798101818480e+18 4.175169006462996e+33 
7.28860e+09 5.03823e+27 2.719293566899469e+18 4.380824527724806e+33 
7.64790e+09 5.35990e+27 2.762338374170492e+18 4.596609865139082e+33 
8.02491e+09 5.70167e+27 2.805923896795430e+18 4.823023836492370e+33 
8.42051e+09 6.06487e+27 2.850065234768745e+18 5.060590196817645e+33 
8.83562e+09 6.45088e+27 2.894774378824401e+18 5.309858478954968e+33 
9.27120e+09 6.86109e+27 2.940053450271895e+18 5.571404985969579e+33 
9.72826e+09 7.29692e+27 2.985900367551371e+18 5.845834216104339e+33 
1.02079e+10 7.75995e+27 3.032319798361714e+18 6.133780617939179e+33 
1.07111e+10 8.25204e+27 3.079333675128760e+18 6.435910359342314e+33 
1.12392e+10 8.77510e+27 3.126957477949566e+18 6.752922246881049e+33 
1.17933e+10 9.33093e+27 3.175187383614001e+18 7.085549126327561e+33 
1.23747e+10 9.92136e+27 3.224011568285254e+18 7.434559762429414e+33 
1.29848e+10 1.05485e+28 3.273436612656249e+18 7.800761165598044e+33 
1.36250e+10 1.12150e+28 3.323492361672433e+18 8.185000621402464e+33 
1.42967e+10 1.19233e+28 3.374189517727327e+18 8.588166759968352e+33 
1.50016e+10 1.26758e+28 3.425515896325322e+18 9.011191473540233e+33 
1.57412e+10 1.34748e+28 3.477454277768291e+18 9.455052422625721e+33 
1.65174e+10 1.43233e+28 3.530015034185552e+18 9.920776144410020e+33 
1.73318e+10 1.52245e+28 3.583220384221166e+18 1.040944021597025e+34 
1.81863e+10 1.61818e+28 3.637077599139356e+18 1.092217463899081e+34 
1.90830e+10 1.71984e+28 3.691585226843536e+18 1.146016446182442e+34 
2.00240e+10 1.82778e+28 3.746743220344080e+18 1.202465311452195e+34 
2.10113e+10 1.94243e+28 3.802573766944821e+18 1.261694641419814e+34 
2.20474e+10 2.06426e+28 3.859107594093112e+18 1.323841473542808e+34 
2.31345e+10 2.19365e+28 3.916332514214774e+18 1.389049495004355e+34 
2.42753e+10 2.33096e+28 3.974202500951131e+18 1.457469395851634e+34 
2.54723e+10 2.47656e+28 4.032683787929063e+18 1.529259324780458e+34 
2.67284e+10 2.63097e+28 4.091789680780646e+18 1.604585390940114e+34 
2.80464e+10 2.79471e+28 4.151521085213476e+18 1.683621861999442e+34 
2.94295e+10 2.96834e+28 4.211879227723273e+18 1.766551451108206e+34 
3.08807e+10 3.15244e+28 4.272870071652180e+18 1.853565786501156e+34 
3.24036e+10 3.34764e+28 4.334501832771770e+18 1.944866028346833e+34 
3.40016e+10 3.55467e+28 4.396791275105679e+18 2.040663452083537e+34 
3.56784e+10 3.77425e+28 4.459753514218085e+18 2.141179646483780e+34 
3.74379e+10 4.00712e+28 4.523386315333038e+18 2.246646950213647e+34 
3.92843e+10 4.25403e+28 4.587681706707492e+18 2.357309076882519e+34 
4.12217e+10 4.51584e+28 4.652654744902616e+18 2.473421926958408e+34 
4.32546e+10 4.79364e+28 4.718354488475286e+18 2.595254220827214e+34 
4.53879e+10 5.08842e+28 4.784790952035957e+18 2.723087724779000e+34 
4.76265e+10 5.40096e+28 4.851920943444542e+18 2.857217857453794e+34 
4.99754e+10 5.73206e+28 4.919691012436162e+18 2.997954547708222e+34 
5.24403e+10 6.08281e+28 4.988108699755498e+18 3.145623341617327e+34 
5.50267e+10 6.45444e+28 5.057191356099194e+18 3.300566003462755e+34 
5.77408e+10 6.84819e+28 5.126945711962678e+18 3.463140826217936e+34 
6.05888e+10 7.26543e+28 5.197385025134168e+18 3.633723479627418e+34 
6.35773e+10 7.70762e+28 5.268525801978650e+18 3.812708164893115e+34 
6.67132e+10 8.17640e+28 5.340397673347105e+18 4.000509030085823e+34 
7.00039e+10 8.67360e+28 5.413043093852808e+18 4.197560679391278e+34 
7.34570e+10 9.20072e+28 5.486439672296855e+18 4.404318667195684e+34 
7.70804e+10 9.75897e+28 5.560514629787463e+18 4.621260668230531e+34 
8.08827e+10 1.03497e+29 5.635220263235767e+18 4.848888093432776e+34 
8.48725e+10 1.09751e+29 5.710579103190055e+18 5.087727812137659e+34 
8.90592e+10 1.16370e+29 5.786591806167785e+18 5.338332479825662e+34 
9.34526e+10 1.23376e+29 5.863263203963364e+18 5.601281371864018e+34 
9.80627e+10 1.30792e+29 5.940605613769635e+18 5.877181955158348e+34 
1.02900e+11 1.38642e+29 6.018631233483999e+18 6.166672090085192e+34 
1.07977e+11 1.46956e+29 6.097371893099716e+18 6.470421950082963e+34 
1.13304e+11 1.55760e+29 6.176839887510780e+18 6.789134223008802e+34 
1.18893e+11 1.65078e+29 6.256985091732858e+18 7.123545420831715e+34 
1.24759e+11 1.74929e+29 6.337733707531133e+18 7.474428050066240e+34 
1.30914e+11 1.85341e+29 6.419071151471933e+18 7.842593630790177e+34 
1.37373e+11 1.96350e+29 6.501022974867012e+18 8.228894576401933e+34 
1.44150e+11 2.07986e+29 6.583567116505648e+18 8.634224345419361e+34 
1.51263e+11 2.20275e+29 6.666646341496524e+18 9.059519389427561e+34 
1.58726e+11 2.33244e+29 6.750200275023337e+18 9.505762155689150e+34 
1.66557e+11 2.46927e+29 6.834207904755654e+18 9.973985136585902e+34 
1.74775e+11 2.61359e+29 6.918643281465315e+18 1.046527232094906e+35 
1.83399e+11 2.76581e+29 7.003514825696977e+18 1.098075975701194e+35 
1.92448e+11 2.92647e+29 7.088874951048565e+18 1.152163833163945e+35 
2.01944e+11 3.09612e+29 7.174776887965270e+18 1.208915779077494e+35 
2.11909e+11 3.27506e+29 7.261121673208794e+18 1.268463143687203e+35 
2.22365e+11 3.46350e+29 7.347770962406471e+18 1.330943724962834e+35 
2.33338e+11 3.66261e+29 7.435017275092856e+18 1.396502041853294e+35 
2.44852e+11 3.87429e+29 7.523406393762677e+18 1.465289662148100e+35 
2.56934e+11 4.09992e+29 7.613190248941418e+18 1.537465606873559e+35 
2.69613e+11 4.34270e+29 7.705249672250103e+18 1.613197046119394e+35 
2.82918e+11 4.60408e+29 7.799709321687411e+18 1.692659067412642e+35 
2.96880e+11 4.87323e+29 7.892424353524678e+18 1.776034273240786e+35 
3.11530e+11 5.13067e+29 7.976959883041650e+18 1.863513968878769e+35 
3.26903e+11 5.36195e+29 8.049363963211716e+18 1.955300083250014e+35 
3.43034e+11 5.54866e+29 8.105108069698042e+18 2.051605406934265e+35 
3.59961e+11 5.67970e+29 8.142387609743063e+18 2.152653636683798e+35 
3.77721e+11 5.77720e+29 8.168794250594018e+18 2.258680197634278e+35 
3.96358e+11 5.87984e+29 8.195269660774233e+18 2.369931408466157e+35 
4.15913e+11 6.00118e+29 8.225084738009597e+18 2.486663919924252e+35 
4.36433e+11 6.15899e+29 8.262028452984922e+18 2.609146827197013e+35 
4.57964e+11 6.35871e+29 8.306606754824707e+18 2.737660789700387e+35 
4.80555e+11 6.56677e+29 8.350910885561889e+18 2.872498333236382e+35 
5.04259e+11 6.74033e+29 8.386153291507028e+18 3.013967438393180e+35 
5.29129e+11 6.87709e+29 8.412644373086448e+18 3.162393608411490e+35 
5.55222e+11 6.96560e+29 8.429012279971397e+18 3.318116961766631e+35 
5.82600e+11 7.01197e+29 8.437161470878725e+18 3.481501624111495e+35 
6.11327e+11 7.05289e+29 8.444007722870140e+18 3.652936513216549e+35 
6.41471e+11 7.12487e+29 8.455455703690139e+18 3.832828718873637e+35 
6.73103e+11 7.23899e+29 8.472764081033918e+18 4.021599674256615e+35 
7.06299e+11 7.42028e+29 8.498973704029407e+18 4.219695123290961e+35 
7.41134e+11 7.66158e+29 8.532258581910377e+18 4.427567441111460e+35 
7.77687e+11 7.92536e+29 8.566960969234737e+18 4.645679730691319e+35 
8.16040e+11 8.18869e+29 8.599979942239392e+18 4.874526307301616e+35 
8.56283e+11 8.45943e+29 8.632334493778747e+18 5.114640484361769e+35 
8.98509e+11 8.73013e+29 8.663163527133259e+18 5.366575172626016e+35 
9.42815e+11 9.00750e+29 8.693263628340680e+18 5.630915185879814e+35 
9.89305e+11 9.30808e+29 8.724346680720015e+18 5.908277107235507e+35 
1.03809e+12 9.63434e+29 8.756503236088703e+18 6.199303445729033e+35 
1.08928e+12 9.97329e+29 8.788344361678736e+18 6.504665843435740e+35 
1.14299e+12 1.03238e+30 8.819722725738868e+18 6.825071245773933e+35 
1.19934e+12 1.06943e+30 8.851326682787490e+18 7.161259638467989e+35 
1.25848e+12 1.10968e+30 8.884055807339922e+18 7.514006687912941e+35 
1.32053e+12 1.15351e+30 8.918010700650700e+18 7.884128760664787e+35 
1.38564e+12 1.20119e+30 8.953216570130233e+18 8.272484177732396e+35 
1.45397e+12 1.25297e+30 8.989651689263699e+18 8.679970933527901e+35 
1.52566e+12 1.30856e+30 9.026934727063170e+18 9.107528853241306e+35 
1.60088e+12 1.36756e+30 9.064647309066469e+18 9.556144221144966e+35 
1.67981e+12 1.42993e+30 9.102643216702871e+18 1.002685620500462e+36 
1.76263e+12 1.49533e+30 9.140608162107506e+18 1.052075573224165e+36 
1.84954e+12 1.56414e+30 9.178676269338146e+18 1.103898499971974e+36 
1.94073e+12 1.63759e+30 9.217401729545170e+18 1.158274064377086e+36 
2.03642e+12 1.71673e+30 9.257164509059060e+18 1.215327882455708e+36 
2.13683e+12 1.80151e+30 9.297761798320882e+18 1.275192140539828e+36 
2.24218e+12 1.89227e+30 9.339182462673041e+18 1.338005467477271e+36 
2.35274e+12 1.98951e+30 9.381469017966342e+18 1.403913000648293e+36 
2.46874e+12 2.09372e+30 9.424659369042901e+18 1.473066832598440e+36 
2.59046e+12 2.20539e+30 9.468770400947122e+18 1.545626774940825e+36 
2.71819e+12 2.32497e+30 9.513784138185130e+18 1.621760923395583e+36 
2.85221e+12 2.45291e+30 9.559681077325015e+18 1.701645440767333e+36 
2.99284e+12 2.58973e+30 9.606457126244893e+18 1.785464885803303e+36 
3.14041e+12 2.73595e+30 9.654099689408455e+18 1.873412810844487e+36 
3.29525e+12 2.89198e+30 9.702546947385321e+18 1.965692624535927e+36 
3.45773e+12 3.05791e+30 9.751647263917974e+18 2.062518062137667e+36 
3.62822e+12 3.23421e+30 9.801365498232603e+18 2.164113118331696e+36 
3.80712e+12 3.42199e+30 9.851832397904239e+18 2.270712519243306e+36 
3.99484e+12 3.62259e+30 9.903209430287671e+18 2.382562475055961e+36 
4.19182e+12 3.83665e+30 9.955457263735183e+18 2.499921765342327e+36 
4.39852e+12 4.06460e+30 1.000848293213260e+19 2.623062153492017e+36 
4.61541e+12 4.30741e+30 1.006230779185095e+19 2.752268425434674e+36 
4.84300e+12 4.56638e+30 1.011701838921326e+19 2.887839067336981e+36 
5.08181e+12 4.84293e+30 1.017269477298839e+19 3.030087284188353e+36 
5.33240e+12 5.13812e+30 1.022933162875828e+19 3.179342291907922e+36 
5.59536e+12 5.45316e+30 1.028693579962375e+19 3.335949566362499e+36 
5.87128e+12 5.78931e+30 1.034550972210318e+19 3.500271175464634e+36 
6.16081e+12 6.14782e+30 1.040504341237135e+19 3.672686719786146e+36 
6.46463e+12 6.53002e+30 1.046552792110166e+19 3.853594680420572e+36 
6.78343e+12 6.93727e+30 1.052694735407459e+19 4.043413832683414e+36 
7.11796e+12 7.37101e+30 1.058928749613561e+19 4.242583429154727e+36 
7.46899e+12 7.83325e+30 1.065259875394700e+19 4.451563867030206e+36 
7.83734e+12 8.32640e+30 1.071696953269403e+19 4.670837941218939e+36 
8.22386e+12 8.85280e+30 1.078244876825541e+19 4.900912616424967e+36 
8.62944e+12 9.41451e+30 1.084903602823902e+19 5.142320499104039e+36 
9.05504e+12 1.00141e+31 1.091677197973465e+19 5.395620055307785e+36 
9.50164e+12 1.06547e+31 1.098573138351901e+19 5.661396702113455e+36 
9.97027e+12 1.13396e+31 1.105600402663699e+19 5.940264482020209e+36 
1.04620e+13 1.20726e+31 1.112766710515433e+19 6.232868350821080e+36 
1.09780e+13 1.28578e+31 1.120082949019204e+19 6.539885574987212e+36 
1.15195e+13 1.36993e+31 1.127554992168492e+19 6.862026206262314e+36 
1.20877e+13 1.46006e+31 1.135180965545242e+19 7.200034687853490e+36 
1.26840e+13 1.55651e+31 1.142958893513093e+19 7.554692101276942e+36 
1.33096e+13 1.65982e+31 1.150897452971665e+19 7.926818921856634e+36 
1.39662e+13 1.77055e+31 1.159006497359466e+19 8.317276170226945e+36 
1.46551e+13 1.88945e+31 1.167303409651883e+19 8.726966829034193e+36 
1.53781e+13 2.01743e+31 1.175814985461550e+19 9.156837990186840e+36 
1.61367e+13 2.15553e+31 1.184566588933547e+19 9.607883468107018e+36 
1.69328e+13 2.30463e+31 1.193571287155326e+19 1.008114649048730e+37 
1.77682e+13 2.46563e+31 1.202836852646623e+19 1.057772127645503e+37 
1.86448e+13 2.63967e+31 1.212382152774920e+19 1.109875625936639e+37 
1.95647e+13 2.82811e+31 1.222230628525220e+19 1.164545618168991e+37 
2.05300e+13 3.03248e+31 1.232408824181929e+19 1.221908516958582e+37 
2.15430e+13 3.25445e+31 1.242943485344226e+19 1.282097009411720e+37 
2.26060e+13 3.49601e+31 1.253868751863920e+19 1.345250276589516e+37 
2.37215e+13 3.75952e+31 1.265225119437441e+19 1.411514315058330e+37 
2.48921e+13 4.04750e+31 1.277051896309710e+19 1.481042386014917e+37 
2.61205e+13 4.36267e+31 1.289386158778955e+19 1.553995268362929e+37 
2.74097e+13 4.70794e+31 1.302262234078283e+19 1.630541612322757e+37 
2.87625e+13 5.08676e+31 1.315724049865099e+19 1.710858461802251e+37 
3.01821e+13 5.50278e+31 1.329811612902120e+19 1.795131527877467e+37 
3.16720e+13 5.96008e+31 1.344567855467170e+19 1.883555699033231e+37 
3.32355e+13 6.46351e+31 1.360046954074822e+19 1.976335469052189e+37 
3.48763e+13 7.01859e+31 1.376310219121952e+19 2.073685364928136e+37 
3.65982e+13 7.63111e+31 1.393410612433492e+19 2.175830518783673e+37 
3.84053e+13 8.30733e+31 1.411399573551045e+19 2.283007106080744e+37 
4.03018e+13 9.05413e+31 1.430329538873068e+19 2.395462977071184e+37 
4.22922e+13 9.87889e+31 1.450250085960364e+19 2.513458175651978e+37 
4.43811e+13 1.07898e+32 1.471214072738418e+19 2.637265549807304e+37 
4.65734e+13 1.17957e+32 1.493271773738847e+19 2.767171388570286e+37 
4.88742e+13 1.29059e+32 1.516466392492173e+19 2.903476109439513e+37 
5.12891e+13 1.41303e+32 1.540841950734919e+19 3.046494910020808e+37 
5.38236e+13 1.54797e+32 1.566436699513905e+19 3.196558502721845e+37 
5.64837e+13 1.69650e+32 1.593279297369353e+19 3.354013855113116e+37 
5.92757e+13 1.85972e+32 1.621384499302058e+19 3.519225122597258e+37 
6.22061e+13 2.03889e+32 1.650776257875066e+19 3.692574329679073e+37 
6.52820e+13 2.23521e+32 1.681461333810236e+19 3.874462350567483e+37 
6.85104e+13 2.44990e+32 1.713431334593329e+19 4.065309778471621e+37 
7.18992e+13 2.68423e+32 1.746675797878342e+19 4.265557879889467e+37 
7.54562e+13 2.93944e+32 1.781169765905527e+19 4.475669798796815e+37 
7.91898e+13 3.21678e+32 1.816881172614348e+19 4.696131356808158e+37 
8.31090e+13 3.51748e+32 1.853768112078470e+19 4.927452354812566e+37 
8.72229e+13 3.84273e+32 1.891779252701118e+19 5.170167690504713e+37 
9.15413e+13 4.19372e+32 1.930855687893000e+19 5.424838706986299e+37 
9.60744e+13 4.57159e+32 1.970932680469058e+19 5.692054173701387e+37 
1.00833e+14 4.97746e+32 2.011939810778963e+19 5.972432133952777e+37 
1.05828e+14 5.41296e+32 2.053858439275415e+19 6.266620771182376e+37 
1.11072e+14 5.86831e+32 2.095609490770018e+19 6.575299945994553e+37 
1.16577e+14 6.36611e+32 2.139088534871925e+19 6.899184569621965e+37 
1.22355e+14 6.88774e+32 2.182493320902842e+19 7.239023354514991e+37 
1.28421e+14 7.43538e+32 2.225894987838219e+19 7.595600425910905e+37 
1.34790e+14 8.05796e+32 2.272886005870191e+19 7.969760846752181e+37 
1.41475e+14 8.78140e+32 2.324899197134848e+19 8.362340426823922e+37 
1.48495e+14 9.58351e+32 2.379833297966862e+19 8.774248893342709e+37 
1.55864e+14 1.04824e+33 2.438465015466952e+19 9.206449186359848e+37 
1.63602e+14 1.15013e+33 2.501758962819422e+19 9.659933790239712e+37 
1.71726e+14 1.26706e+33 2.570932021888060e+19 1.013576234403532e+38 
1.80258e+14 1.40296e+33 2.647488433409654e+19 1.063502990867138e+38 
1.89219e+14 1.56290e+33 2.733276257565116e+19 1.115888705253427e+38 
1.98630e+14 1.75002e+33 2.828837662063704e+19 1.170855389435866e+38 
2.08515e+14 1.97147e+33 2.936489023480012e+19 1.228528841857002e+38 
2.18902e+14 2.23899e+33 3.060264480548014e+19 1.289043565886244e+38 
2.29815e+14 2.56550e+33 3.204026583767191e+19 1.352538939841811e+38 
2.41287e+14 2.96664e+33 3.372053565809106e+19 1.419161010259510e+38 
2.53347e+14 3.46138e+33 3.569161861579962e+19 1.489065935098360e+38 
2.66033e+14 4.07274e+33 3.800739990283790e+19 1.562415103499982e+38 
2.79380e+14 4.82842e+33 4.072784929445674e+19 1.639375540551799e+38 
2.93431e+14 5.76156e+33 4.391897711564272e+19 1.720128410404536e+38 
3.08230e+14 6.91157e+33 4.765275275725006e+19 1.804857425157396e+38 
3.23829e+14 8.32484e+33 5.200624821384420e+19 1.893760788966605e+38 
3.40282e+14 1.00556e+34 5.706116199622683e+19 1.987043234828662e+38 
3.57650e+14 1.21669e+34 6.290222727661417e+19 2.084919456141770e+38 
3.76001e+14 1.47307e+34 6.961567659136723e+19 2.187618938649712e+38 
3.95411e+14 1.78294e+34 7.728717129130720e+19 2.295376229093030e+38 
4.15963e+14 2.15554e+34 8.599904927648483e+19 2.408440543029801e+38 
4.37752e+14 2.60123e+34 9.582883305382558e+19 2.527075992657596e+38 
4.60880e+14 3.13144e+34 1.068455871363125e+20 2.651553637691274e+38 
4.85464e+14 3.75867e+34 1.191069993115869e+20 2.782163381209710e+38 
5.11632e+14 4.49660e+34 1.326593136120012e+20 2.919205916153838e+38 
5.39527e+14 5.35997e+34 1.475341266006391e+20 3.062999613728205e+38 
5.69307e+14 6.36457e+34 1.637472348789254e+20 3.213877369916973e+38 
6.01147e+14 7.52731e+34 1.812992043456111e+20 3.372186464839263e+38 
6.35238e+14 8.86633e+34 2.001768917856012e+20 3.538289339502421e+38 
6.71794e+14 1.04008e+35 2.203517599736128e+20 3.712568683773077e+38 
7.11053e+14 1.21513e+35 2.417852794619032e+20 3.895455074541162e+38 
7.53266e+14 1.41398e+35 2.644275752774209e+20 4.087329507610231e+38 
7.98722e+14 1.63897e+35 2.882217743172490e+20 4.288677304211045e+38 
8.47719e+14 1.89263e+35 3.131053223802202e+20 4.499907371890521e+38 
9.00614e+14 2.17768e+35 3.390133767359716e+20 4.721587973302747e+38 
9.57762e+14 2.49704e+35 3.658773383922495e+20 4.954156450790326e+38 
1.01957e+15 2.85392e+35 3.936319267577560e+20 5.198162017430919e+38 
1.08650e+15 3.25177e+35 4.222100943585036e+20 5.454245168391127e+38 
1.15902e+15 3.69437e+35 4.515501003598648e+20 5.722888807048679e+38 
1.23767e+15 4.18585e+35 4.815922059498852e+20 6.004785046062934e+38 
1.32304e+15 4.73074e+35 5.122805180825193e+20 6.300571176861945e+38 
1.41574e+15 5.33400e+35 5.435642495369786e+20 6.610907686440544e+38 
1.51650e+15 6.00108e+35 5.753961437487592e+20 6.936570244117538e+38 
1.62606e+15 6.73796e+35 6.077328340067815e+20 7.278256690542305e+38 
1.74526e+15 7.55126e+35 6.405366157828449e+20 7.636763581162361e+38 
1.87501e+15 8.44820e+35 6.737723711745630e+20 8.012929570275931e+38 
2.01631e+15 9.43679e+35 7.074093602555127e+20 8.407614513060308e+38 
2.17026e+15 1.05258e+36 7.414190455457377e+20 8.821763350017367e+38 
2.33806e+15 1.17249e+36 7.757772610584592e+20 9.256291060991373e+38 
2.52103e+15 1.30448e+36 8.104622872354929e+20 9.712267115653746e+38 
2.72057e+15 1.44971e+36 8.454535620309871e+20 1.019063479375003e+39 
2.93831e+15 1.60948e+36 8.807339835404486e+20 1.069262325807036e+39 
3.17596e+15 1.78521e+36 9.162879475206058e+20 1.121931245415800e+39 
3.43540e+15 1.97844e+36 9.520973105281962e+20 1.177193588877504e+39 
3.71875e+15 2.19094e+36 9.881558222413595e+20 1.235182604715199e+39 
4.02825e+15 2.42455e+36 1.024447570394512e+21 1.296022477378202e+39 
4.36642e+15 2.68133e+36 1.060956328337071e+21 1.359861316555284e+39 
4.73601e+15 2.96362e+36 1.097680711318505e+21 1.426845566222845e+39 
5.14002e+15 3.27390e+36 1.134606272698404e+21 1.497129166964662e+39 
5.58178e+15 3.61493e+36 1.171725961535470e+21 1.570876961904489e+39 
6.06487e+15 3.98977e+36 1.209032393846730e+21 1.648254263726155e+39 
6.59330e+15 4.40172e+36 1.246515897635549e+21 1.729444320888907e+39 
7.17143e+15 4.85449e+36 1.284171682455082e+21 1.814632391681549e+39 
7.80405e+15 5.35210e+36 1.321991768006883e+21 1.904017463918031e+39 
8.49641e+15 5.89899e+36 1.359970265597054e+21 1.997803233702139e+39 
