500
1.12718e+03 1.31378e+17 9.999999999999999e-01 6.790222906118144e+26 
1.19308e+03 1.48108e+17 1.442133018988929e+13 7.187214378248790e+26 
1.26283e+03 1.66858e+17 2.968996062298177e+13 7.607416007938578e+26 
1.33666e+03 1.87860e+17 4.584878781087471e+13 8.052184779897540e+26 
1.41481e+03 2.11376e+17 6.294249367041766e+13 8.522957015316697e+26 
1.49753e+03 2.37697e+17 8.101757583186580e+13 9.021253010353791e+26 
1.58508e+03 2.67143e+17 1.001223740022628e+14 9.548681945823649e+26 
1.67775e+03 3.00072e+17 1.203070911107245e+14 1.010694708395129e+27 
1.77584e+03 3.36881e+17 1.416238086084864e+14 1.069785126897370e+27 
1.87967e+03 3.78010e+17 1.641264953031187e+14 1.132330274935777e+27 
1.98956e+03 4.23946e+17 1.878710091310943e+14 1.198532134044047e+27 
2.10588e+03 4.75228e+17 2.129150913212302e+14 1.268604494739812e+27 
2.22900e+03 5.32455e+17 2.393183524790195e+14 1.342773646961363e+27 
2.35932e+03 5.96286e+17 2.671422502358459e+14 1.421279110874457e+27 
2.49726e+03 6.67452e+17 2.964500582655039e+14 1.504374410409693e+27 
2.64326e+03 7.46760e+17 3.273068266829478e+14 1.592327892028954e+27 
2.79780e+03 8.35100e+17 3.597793341176880e+14 1.685423591365480e+27 
2.96138e+03 9.33455e+17 3.939360321092086e+14 1.783962150536441e+27 
3.13451e+03 1.04291e+18 4.298469829183402e+14 1.888261789090564e+27 
3.31777e+03 1.16465e+18 4.675837924021632e+14 1.998659331726116e+27 
3.51175e+03 1.29999e+18 5.072195402783737e+14 2.115511296097537e+27 
3.71706e+03 1.45037e+18 5.488287109260824e+14 2.239195044222582e+27 
3.93438e+03 1.61739e+18 5.924871288538438e+14 2.370110001206428e+27 
4.16441e+03 1.80278e+18 6.382719041315254e+14 2.508678945215626e+27 
4.40788e+03 2.00846e+18 6.862613944504048e+14 2.655349372863617e+27 
4.66559e+03 2.23653e+18 7.365351920615350e+14 2.810594944411470e+27 
4.93836e+03 2.48929e+18 7.891741456606829e+14 2.974917013443093e+27 
5.22709e+03 2.76926e+18 8.442604293425974e+14 3.148846245944416e+27 
5.53269e+03 3.07922e+18 9.018776730357688e+14 3.332944334001595e+27 
5.85616e+03 3.42219e+18 9.621111713264938e+14 3.527805809634627e+27 
6.19854e+03 3.80151e+18 1.025048190245514e+15 3.734059964601825e+27 
6.56094e+03 4.22083e+18 1.090778394339333e+15 3.952372882346742e+27 
6.94453e+03 4.68415e+18 1.159394419057429e+15 4.183449588614838e+27 
7.35054e+03 5.19586e+18 1.230992615963225e+15 4.428036327643055e+27 
7.78030e+03 5.76082e+18 1.305674000241944e+15 4.686922971222772e+27 
8.23518e+03 6.38435e+18 1.383545431035912e+15 4.960945568356865e+27 
8.71665e+03 7.07234e+18 1.464721054731185e+15 5.250989043677683e+27 
9.22627e+03 7.83129e+18 1.549324038685911e+15 5.557990053265852e+27 
9.76569e+03 8.66844e+18 1.637488616988152e+15 5.882940007014259e+27 
1.03366e+04 9.59181e+18 1.729362459249916e+15 6.226888267220836e+27 
1.09410e+04 1.06104e+19 1.825109290092706e+15 6.590945533672201e+27 
1.15806e+04 1.17345e+19 1.924943863461456e+15 6.976287398839159e+27 
1.22577e+04 1.29772e+19 2.029206437785689e+15 7.384158069192935e+27 
1.29744e+04 1.43529e+19 2.138260342845376e+15 7.815874456417222e+27 
1.37329e+04 1.58776e+19 2.252445715531592e+15 8.272830472287831e+27 
1.45358e+04 1.75681e+19 2.372052640821722e+15 8.756501565627573e+27 
1.53856e+04 1.94417e+19 2.497293063256919e+15 9.268449534448459e+27 
1.62852e+04 2.15158e+19 2.628276909766482e+15 9.810327624547735e+27 
1.72373e+04 2.38073e+19 2.765002228418450e+15 1.038388591894327e+28 
1.82451e+04 2.63330e+19 2.907375716913884e+15 1.099097700950686e+28 
1.93117e+04 2.91103e+19 3.055289856356664e+15 1.163356191917574e+28 
2.04408e+04 3.21612e+19 3.208797495973818e+15 1.231371620430858e+28 
2.16359e+04 3.55188e+19 3.368401834364897e+15 1.303363620495509e+28 
2.29008e+04 3.92231e+19 3.534764539875525e+15 1.379564684536149e+28 
2.42397e+04 4.33142e+19 3.708345739915834e+15 1.460220953239776e+28 
2.56569e+04 4.78344e+19 3.889538700991366e+15 1.545592949359999e+28 
2.71569e+04 5.28277e+19 4.078644332122538e+15 1.635956405800852e+28 
2.87447e+04 5.83394e+19 4.275849497709464e+15 1.731603144006314e+28 
3.04253e+04 6.44151e+19 4.481231381437102e+15 1.832842008945478e+28 
3.22041e+04 7.11029e+19 4.694814001684104e+15 1.939999873744741e+28 
3.40869e+04 7.84574e+19 4.916718220132767e+15 2.053422735754307e+28 
3.60798e+04 8.65511e+19 5.147436522986750e+15 2.173476926454177e+28 
3.81893e+04 9.54711e+19 5.387661953973830e+15 2.300550230452888e+28 
4.04220e+04 1.05307e+20 5.637920828859510e+15 2.435053035689302e+28 
4.27853e+04 1.16153e+20 5.898633595813684e+15 2.577419707880898e+28 
4.52868e+04 1.28106e+20 6.170098176295480e+15 2.728109989510719e+28 
4.79345e+04 1.41268e+20 6.452504004283062e+15 2.887610480318701e+28 
5.07370e+04 1.55748e+20 6.746015972973324e+15 3.056436209976584e+28 
5.37034e+04 1.71672e+20 7.050982557094566e+15 3.235132314754837e+28 
5.68432e+04 1.89199e+20 7.368115743677064e+15 3.424275769547721e+28 
6.01666e+04 2.08502e+20 7.698079052023733e+15 3.624477196180679e+28 
6.36843e+04 2.29760e+20 8.041389751192923e+15 3.836383006680168e+28 
6.74076e+04 2.53161e+20 8.398428947410067e+15 4.060677559279401e+28 
7.13486e+04 2.78902e+20 8.769482412372140e+15 4.298085367478587e+28 
7.55200e+04 3.07201e+20 9.154885670839002e+15 4.549373318585695e+28 
7.99353e+04 3.38321e+20 9.555292121157226e+15 4.815352866824218e+28 
8.46088e+04 3.72560e+20 9.971494182131354e+15 5.096882887620484e+28 
8.95555e+04 4.10231e+20 1.040411783204542e+16 5.394872609388707e+28 
9.47914e+04 4.51661e+20 1.085363914768767e+16 5.710284452346874e+28 
1.00333e+05 4.97201e+20 1.132045416692556e+16 6.044137134085910e+28 
1.06199e+05 5.47243e+20 1.180508868696167e+16 6.397508945741484e+28 
1.12408e+05 6.02252e+20 1.230839193312877e+16 6.771541439227587e+28 
1.18981e+05 6.62728e+20 1.283115913185558e+16 7.167442930818484e+28 
1.25937e+05 7.29198e+20 1.337400318356876e+16 7.586491481304393e+28 
1.33300e+05 8.02222e+20 1.393743084321872e+16 8.030039060734327e+28 
1.41093e+05 8.82426e+20 1.452206695533778e+16 8.499516899068874e+28 
1.49342e+05 9.70533e+20 1.512884398039705e+16 8.996440267038791e+28 
1.58074e+05 1.06733e+21 1.575861554707161e+16 9.522413039038737e+28 
1.67315e+05 1.17363e+21 1.641205436307227e+16 1.007913564001956e+29 
1.77098e+05 1.29033e+21 1.708979456586243e+16 1.066840944659866e+29 
1.87452e+05 1.41844e+21 1.779272926542771e+16 1.129213899802568e+29 
1.98411e+05 1.55911e+21 1.852187143870933e+16 1.195234043293700e+29 
2.10012e+05 1.71351e+21 1.927802201461778e+16 1.265114475300317e+29 
2.22290e+05 1.88293e+21 2.006188901775688e+16 1.339080430421706e+29 
2.35287e+05 2.06881e+21 2.087441860592464e+16 1.417370619935286e+29 
2.49043e+05 2.27276e+21 2.171669504111484e+16 1.500237812440646e+29 
2.63603e+05 2.49649e+21 2.258961197419310e+16 1.587949562207842e+29 
2.79015e+05 2.74184e+21 2.349402759589757e+16 1.680789150340052e+29 
2.95328e+05 3.01091e+21 2.443106226215167e+16 1.779056175378593e+29 
3.12594e+05 3.30595e+21 2.540182324736262e+16 1.883067930495147e+29 
3.30870e+05 3.62939e+21 2.640721194147770e+16 1.993161045368244e+29 
3.50215e+05 3.98388e+21 2.744827043765806e+16 2.109691703369918e+29 
3.70691e+05 4.37240e+21 2.852623991205615e+16 2.233036671367426e+29 
3.92364e+05 4.79812e+21 2.964216874355029e+16 2.363593336469125e+29 
4.15304e+05 5.26449e+21 3.079713398126379e+16 2.501781914601388e+29 
4.39585e+05 5.77538e+21 3.199244530786630e+16 2.648048200839776e+29 
4.65286e+05 6.33490e+21 3.322925918168082e+16 2.802865290317217e+29 
4.92489e+05 6.94757e+21 3.450873334913414e+16 2.966734594602999e+29 
5.21283e+05 7.61838e+21 3.583224871562548e+16 3.140185510071473e+29 
5.51761e+05 8.35267e+21 3.720099153294835e+16 3.323778234069991e+29 
5.84020e+05 9.15628e+21 3.861620087286542e+16 3.518105727313165e+29 
6.18166e+05 1.00357e+22 4.007929948460414e+16 3.723795740105405e+29 
6.54309e+05 1.09977e+22 4.159155772168998e+16 3.941509795129808e+29 
6.92563e+05 1.20501e+22 4.315440826136926e+16 4.171948768240733e+29 
7.33054e+05 1.32011e+22 4.476926708452653e+16 4.415858119952950e+29 
7.75913e+05 1.44596e+22 4.643747194834186e+16 4.674030619047685e+29 
8.21278e+05 1.58355e+22 4.816056452255144e+16 4.947301158405667e+29 
8.69296e+05 1.73395e+22 4.993995099783228e+16 5.236547786621125e+29 
9.20120e+05 1.89831e+22 5.177719292122725e+16 5.542702214769126e+29 
9.73917e+05 2.07790e+22 5.367378365349207e+16 5.866756213057784e+29 
1.03086e+06 2.27410e+22 5.563125599970219e+16 6.209760386761965e+29 
1.09113e+06 2.48839e+22 5.765118466300903e+16 6.572820107371362e+29 
1.15493e+06 2.72240e+22 5.973507279012750e+16 6.957101102181673e+29 
1.22245e+06 2.97788e+22 6.188460631041626e+16 7.363844893067089e+29 
1.29392e+06 3.25678e+22 6.410146941204810e+16 7.794371581874079e+29 
1.36957e+06 3.56117e+22 6.638736788107254e+16 8.250071979416406e+29 
1.44965e+06 3.89331e+22 6.874384076743895e+16 8.732414481759356e+29 
1.53441e+06 4.25567e+22 7.117266833890080e+16 9.242959053454723e+29 
1.62412e+06 4.65092e+22 7.367567730166243e+16 9.783365362659649e+29 
1.71908e+06 5.08196e+22 7.625452562220430e+16 1.035535595219099e+30 
1.81958e+06 5.55188e+22 7.891071104323643e+16 1.096072358722138e+30 
1.92596e+06 6.06416e+22 8.164636967047334e+16 1.160149315517714e+30 
2.03857e+06 6.62257e+22 8.446367155028698e+16 1.227982279700652e+30 
2.15776e+06 7.23103e+22 8.736392495849467e+16 1.299780459170902e+30 
2.28392e+06 7.89388e+22 9.034887856944030e+16 1.375771918017037e+30 
2.41746e+06 8.61589e+22 9.342067464704811e+16 1.456206744051949e+30 
2.55881e+06 9.40223e+22 9.658130119772787e+16 1.541346561171332e+30 
2.70842e+06 1.02585e+23 9.983274724906466e+16 1.631468249925648e+30 
2.86678e+06 1.11905e+23 1.031765846802715e+17 1.726850569615567e+30 
3.03438e+06 1.22049e+23 1.066149296993991e+17 1.827804571745662e+30 
3.21180e+06 1.33089e+23 1.101501396879207e+17 1.934669646181748e+30 
3.39959e+06 1.45100e+23 1.137840257562528e+17 2.047781610657672e+30 
3.59835e+06 1.58166e+23 1.175185237756075e+17 2.167503076459880e+30 
3.80873e+06 1.72375e+23 1.213556326884070e+17 2.294221508910971e+30 
4.03142e+06 1.87827e+23 1.252976723538731e+17 2.428356031415978e+30 
4.26714e+06 2.04626e+23 1.293467026912556e+17 2.570334467068081e+30 
4.51664e+06 2.22886e+23 1.335047636119625e+17 2.720610269131792e+30 
4.78071e+06 2.42731e+23 1.377739584121038e+17 2.879668973145951e+30 
5.06023e+06 2.64294e+23 1.421567997702135e+17 3.048028045080531e+30 
5.35611e+06 2.87722e+23 1.466554185880668e+17 3.226237428986128e+30 
5.66928e+06 3.13169e+23 1.512718925949456e+17 3.414862919144168e+30 
6.00074e+06 3.40805e+23 1.560084865491262e+17 3.614507420014795e+30 
6.35160e+06 3.70813e+23 1.608676018550134e+17 3.825829679310414e+30 
6.72297e+06 4.03389e+23 1.658511706538132e+17 4.049507702167385e+30 
7.11606e+06 4.38753e+23 1.709624250555454e+17 4.286260163445362e+30 
7.53213e+06 4.77033e+23 1.761890099279606e+17 4.536860069203553e+30 
7.97253e+06 5.19813e+23 1.817121733225948e+17 4.802106959311070e+30 
8.43868e+06 5.55358e+23 1.860491395835144e+17 5.082859289283836e+30 
8.93208e+06 5.86454e+23 1.896293997117732e+17 5.380031297511934e+30 
9.45435e+06 6.38013e+23 1.952284362164500e+17 5.694582091136996e+30 
1.00071e+07 6.93259e+23 2.009064640646691e+17 6.027513383655473e+30 
1.05923e+07 7.53212e+23 2.067277480336849e+17 6.379919571215278e+30 
1.12116e+07 8.18214e+23 2.126906916565625e+17 6.752925821382686e+30 
1.18671e+07 8.88682e+23 2.187978245493314e+17 7.147734957559424e+30 
1.25610e+07 9.65064e+23 2.250518825055946e+17 7.565629515336975e+30 
1.32955e+07 1.04784e+24 2.314554436767803e+17 8.007948843190618e+30 
1.40728e+07 1.13755e+24 2.380110970584069e+17 8.476135687506956e+30 
1.48957e+07 1.23474e+24 2.447217296177666e+17 8.971689554573634e+30 
1.57667e+07 1.34003e+24 2.515900471305671e+17 9.496229529372061e+30 
1.66885e+07 1.45408e+24 2.586186662028845e+17 1.005141347441725e+31 
1.76643e+07 1.57761e+24 2.658107218778758e+17 1.063906334186709e+31 
1.86972e+07 1.71139e+24 2.731697204783211e+17 1.126107382106672e+31 
1.97905e+07 1.85623e+24 2.806966807432862e+17 1.191948588416199e+31 
2.09475e+07 2.01307e+24 2.883967922633245e+17 1.261627594161229e+31 
2.21725e+07 2.18286e+24 2.962725377902819e+17 1.335401318555029e+31 
2.34689e+07 2.36662e+24 3.043253680256972e+17 1.413467513926266e+31 
2.48412e+07 2.56553e+24 3.125603921249759e+17 1.496109281271640e+31 
2.62938e+07 2.78079e+24 3.209802976758664e+17 1.583581965105896e+31 
2.78312e+07 3.01371e+24 3.295874185803454e+17 1.676167188093474e+31 
2.94586e+07 3.26574e+24 3.383863423987302e+17 1.774165621556559e+31 
3.11810e+07 3.53841e+24 3.473796066291452e+17 1.877885683221464e+31 
3.30043e+07 3.83339e+24 3.565716086630328e+17 1.987681334574149e+31 
3.49342e+07 4.15246e+24 3.659647232815619e+17 2.103892530483651e+31 
3.69769e+07 4.49756e+24 3.755631483073722e+17 2.226892455764475e+31 
3.91392e+07 4.87080e+24 3.853705901908056e+17 2.357100851467737e+31 
4.14278e+07 5.27442e+24 3.953901971312494e+17 2.494905601691735e+31 
4.38501e+07 5.71084e+24 4.056258165943409e+17 2.640761043258882e+31 
4.64143e+07 6.18275e+24 4.160821247165155e+17 2.795163059931122e+31 
4.91283e+07 6.69291e+24 4.267616705891433e+17 2.958581723328934e+31 
5.20010e+07 7.24446e+24 4.376695499177750e+17 3.131551150631486e+31 
5.50418e+07 7.84069e+24 4.488096940164101e+17 3.314639839520846e+31 
5.82603e+07 8.48514e+24 4.601855723987880e+17 3.508430496749221e+31 
6.16670e+07 9.18169e+24 4.718018417650076e+17 3.713543614541436e+31 
6.52732e+07 9.93453e+24 4.836633052065743e+17 3.930667779110709e+31 
6.90900e+07 1.07481e+25 4.957730974548429e+17 4.160473702510560e+31 
7.31300e+07 1.16272e+25 5.081362862240295e+17 4.403707751633689e+31 
7.74063e+07 1.25772e+25 5.207578048179156e+17 4.661174103691044e+31 
8.19329e+07 1.36037e+25 5.336419221642657e+17 4.933699831318148e+31 
8.67239e+07 1.47127e+25 5.467928180183658e+17 5.222139925897001e+31 
9.17953e+07 1.59109e+25 5.602164043602193e+17 5.527459946977144e+31 
9.71632e+07 1.72053e+25 5.739161897821592e+17 5.850619947606546e+31 
1.02845e+08 1.86037e+25 5.878989295094408e+17 6.192676972092462e+31 
1.08859e+08 2.01142e+25 6.021685664283434e+17 6.554734494993375e+31 
1.15225e+08 2.17458e+25 6.167304736150152e+17 6.937955623675396e+31 
1.21963e+08 2.35080e+25 6.315889778993713e+17 7.343586050918197e+31 
1.29095e+08 2.54114e+25 6.467514559625708e+17 7.772927288275009e+31 
1.36645e+08 2.74670e+25 6.622216575291610e+17 8.227379501237767e+31 
1.44635e+08 2.96871e+25 6.780064215449943e+17 8.708389959608868e+31 
1.53094e+08 3.20845e+25 6.941101623304614e+17 9.217533016886810e+31 
1.62046e+08 3.46736e+25 7.105405297446533e+17 9.756433596536944e+31 
1.71523e+08 3.74691e+25 7.273006376207421e+17 1.032683651466600e+32 
1.81553e+08 4.04878e+25 7.443984690999744e+17 1.093058362586958e+32 
1.92172e+08 4.37478e+25 7.618434171603933e+17 1.156973713145054e+32 
2.03409e+08 4.72671e+25 7.796348851835475e+17 1.224611232586013e+32 
2.15304e+08 5.10667e+25 7.977823597783743e+17 1.296203792268820e+32 
2.27896e+08 5.51692e+25 8.162938847730582e+17 1.371988740652228e+32 
2.41224e+08 5.95985e+25 8.351752295282602e+17 1.452203720966516e+32 
2.55331e+08 6.43826e+25 8.544479405721085e+17 1.537105870009977e+32 
2.70264e+08 6.90276e+25 8.721702310946537e+17 1.626979077562379e+32 
2.86069e+08 7.18891e+25 8.824580551871812e+17 1.722095215508902e+32 
3.02797e+08 7.77123e+25 9.021670339731402e+17 1.822770680341137e+32 
3.20507e+08 8.39344e+25 9.221303516029554e+17 1.929346636190140e+32 
3.39251e+08 9.06508e+25 9.424882455740188e+17 2.042146215383848e+32 
3.59091e+08 9.79004e+25 9.632477195945231e+17 2.161539065308039e+32 
3.80093e+08 1.05726e+26 9.844180431602359e+17 2.287918341566212e+32 
4.02321e+08 1.14172e+26 1.006006189074604e+18 2.421674872538589e+32 
4.25852e+08 1.23289e+26 1.028020111047607e+18 2.563268665206723e+32 
4.50758e+08 1.33129e+26 1.050466539429429e+18 2.713127129238056e+32 
4.77121e+08 1.43750e+26 1.073355366411866e+18 2.871753470579541e+32 
5.05025e+08 1.55212e+26 1.096692168281229e+18 3.039648873733916e+32 
5.34562e+08 1.67583e+26 1.120487750745529e+18 3.217363516708376e+32 
5.65827e+08 1.80934e+26 1.144749284455487e+18 3.405469730935372e+32 
5.98920e+08 1.95343e+26 1.169487109490507e+18 3.604565367643687e+32 
6.33949e+08 2.10893e+26 1.194707824439701e+18 3.815308162938085e+32 
6.71027e+08 2.27674e+26 1.220421995528508e+18 4.038367294135169e+32 
7.10274e+08 2.45785e+26 1.246639380970792e+18 4.274471716184677e+32 
7.51817e+08 2.65328e+26 1.273366754888427e+18 4.524379655921921e+32 
7.95790e+08 2.86418e+26 1.300616004749049e+18 4.788900928810210e+32 
8.42335e+08 3.09176e+26 1.328395106743429e+18 5.068882762671140e+32 
8.91604e+08 3.33735e+26 1.356716143269720e+18 5.365238157904479e+32 
9.43754e+08 3.60237e+26 1.385587773036949e+18 5.678919626423290e+32 
9.98954e+08 3.88833e+26 1.415019687463238e+18 6.010929754744309e+32 
1.05738e+09 4.19691e+26 1.445024887084379e+18 6.362358167678621e+32 
1.11923e+09 4.52988e+26 1.475611793138239e+18 6.734343045208765e+32 
1.18470e+09 4.88916e+26 1.506791762053967e+18 7.128066962032207e+32 
1.25400e+09 5.27684e+26 1.538576949604531e+18 7.544814380383137e+32 
1.32735e+09 5.69355e+26 1.571001177353750e+18 7.985917172611353e+32 
1.40499e+09 5.89796e+26 1.585962321101072e+18 8.452821453980699e+32 
1.48717e+09 6.36518e+26 1.618168582600908e+18 8.947008819840475e+32 
1.57416e+09 6.70096e+26 1.640101567002036e+18 9.470104756615304e+32 
1.66624e+09 7.22290e+26 1.672259046740846e+18 1.002376753131473e+33 
1.76370e+09 7.79490e+26 1.705600924912598e+18 1.060977428481890e+33 
1.86688e+09 8.41219e+26 1.739594907789832e+18 1.123014567642009e+33 
1.97608e+09 9.07805e+26 1.774237423730522e+18 1.188668855943029e+33 
2.09167e+09 9.79652e+26 1.809550678396729e+18 1.258165684734116e+33 
2.21404e+09 1.05718e+27 1.845548945632075e+18 1.331728837414486e+33 
2.34355e+09 1.14081e+27 1.882237395147834e+18 1.409586444986975e+33 
2.48065e+09 1.23106e+27 1.919635855413147e+18 1.492002062014304e+33 
2.62576e+09 1.32842e+27 1.957755193253416e+18 1.579226817167678e+33 
2.77935e+09 1.43345e+27 1.996604769853250e+18 1.671552525565766e+33 
2.94195e+09 1.54678e+27 2.036217785299747e+18 1.769284628246284e+33 
3.11406e+09 1.65492e+27 2.072003284414958e+18 1.872727659663100e+33 
3.29623e+09 1.72508e+27 2.093886636948617e+18 1.982212345505497e+33 
3.48906e+09 1.86140e+27 2.133931513919038e+18 2.098102920206022e+33 
3.69318e+09 2.00848e+27 2.174872123182499e+18 2.220770260777221e+33 
3.90923e+09 2.16716e+27 2.216598006439921e+18 2.350606624191532e+33 
4.13792e+09 2.33835e+27 2.259126803375638e+18 2.488027487441153e+33 
4.38002e+09 2.52306e+27 2.302476562811798e+18 2.633502869755723e+33 
4.63627e+09 2.72232e+27 2.346655304138602e+18 2.787469066128204e+33 
4.90750e+09 2.93727e+27 2.391678399611395e+18 2.950433094217015e+33 
5.19462e+09 3.16919e+27 2.437570643068031e+18 3.122929185338132e+33 
5.49855e+09 3.41939e+27 2.484344511878414e+18 3.305521888299301e+33 
5.82023e+09 3.68931e+27 2.532013199202584e+18 3.498767445886283e+33 
6.16077e+09 3.98050e+27 2.580596279487531e+18 3.703324231416376e+33 
6.52125e+09 4.29464e+27 2.630110503349007e+18 3.919853270794272e+33 
6.90281e+09 4.63356e+27 2.680576370815094e+18 4.149032777338630e+33 
7.30669e+09 4.99918e+27 2.732007327401882e+18 4.391603078509302e+33 
7.73420e+09 5.39358e+27 2.784421341478077e+18 4.648346597231030e+33 
8.18675e+09 5.81909e+27 2.837841659299317e+18 4.920118973342194e+33 
8.66578e+09 6.27813e+27 2.892284507234444e+18 5.207768742726425e+33 
9.17285e+09 6.77334e+27 2.947770325882733e+18 5.512246727954176e+33 
9.70961e+09 7.30756e+27 3.004318119494416e+18 5.834523784521953e+33 
1.02778e+10 7.88386e+27 3.061946292976337e+18 6.175633495674818e+33 
1.08792e+10 8.50558e+27 3.120806209112562e+18 6.536693520157190e+33 
1.15158e+10 8.90785e+27 3.156716759109769e+18 6.918879125954821e+33 
1.21897e+10 9.44717e+27 3.202134890376414e+18 7.323378229024806e+33 
1.29030e+10 1.01921e+28 3.261414832605722e+18 7.751542583591660e+33 
1.36581e+10 1.09956e+28 3.321878688782607e+18 8.204742207017736e+33 
1.44573e+10 1.18624e+28 3.383496553060114e+18 8.684432361315994e+33 
1.53034e+10 1.27976e+28 3.446293355480281e+18 9.192170405125930e+33 
1.61990e+10 1.38064e+28 3.510289632933688e+18 9.729589480140870e+33 
1.71470e+10 1.48947e+28 3.575512685187363e+18 1.029846300756076e+34 
1.81505e+10 1.60685e+28 3.641971717668858e+18 1.090052273083537e+34 
1.92126e+10 1.73349e+28 3.709704373291262e+18 1.153777070849954e+34 
2.03372e+10 1.87011e+28 3.778735548630710e+18 1.221240294656429e+34 
2.15276e+10 2.01750e+28 3.849084985478466e+18 1.292648407206541e+34 
2.27875e+10 2.17648e+28 3.920774277525915e+18 1.368217735091887e+34 
2.41211e+10 2.34797e+28 3.993826563890221e+18 1.448203833082181e+34 
2.55331e+10 2.53299e+28 4.068280657520896e+18 1.532884089343732e+34 
2.70275e+10 2.73256e+28 4.144653867847203e+18 1.622492767606778e+34 
2.86096e+10 2.81497e+28 4.174256905114244e+18 1.717362805954302e+34 
3.02842e+10 3.02152e+28 4.243921109225919e+18 1.817768661337003e+34 
3.20567e+10 3.25957e+28 4.320205171095149e+18 1.924038322155255e+34 
3.39331e+10 3.51634e+28 4.397953259647805e+18 2.036529696842980e+34 
3.59195e+10 3.79336e+28 4.477189752272837e+18 2.155601128275796e+34 
3.80220e+10 4.09218e+28 4.557936395641509e+18 2.281624595579684e+34 
4.02477e+10 4.41452e+28 4.640218495166728e+18 2.415018249438917e+34 
4.26038e+10 4.76227e+28 4.724075634286621e+18 2.556216013804071e+34 
4.50978e+10 5.13737e+28 4.809522234096424e+18 2.705658642288333e+34 
4.77378e+10 5.54203e+28 4.896604034941342e+18 2.863842501337290e+34 
5.05326e+10 5.97852e+28 4.985339574129965e+18 3.031280563281120e+34 
5.34911e+10 6.44939e+28 5.075766587770736e+18 3.208506844969326e+34 
5.66229e+10 6.95736e+28 5.167920517330263e+18 3.396097150112579e+34 
5.99380e+10 7.50528e+28 5.261822971425318e+18 3.594643958633771e+34 
6.34473e+10 8.09635e+28 5.357514894643994e+18 3.804802179001144e+34 
6.71623e+10 8.73399e+28 5.455065926375712e+18 4.027258368472545e+34 
7.10949e+10 9.34024e+28 5.542756203267835e+18 4.262715958019754e+34 
7.52576e+10 9.83440e+28 5.610202376722793e+18 4.511928488073971e+34 
7.96642e+10 1.06088e+29 5.709904604422523e+18 4.775721462861530e+34 
8.43289e+10 1.14443e+29 5.811655084078320e+18 5.054934603044266e+34 
8.92668e+10 1.23454e+29 5.915338615995012e+18 5.350463978104869e+34 
9.44943e+10 1.33175e+29 6.020996957069537e+18 5.663285298281235e+34 
1.00028e+11 1.43662e+29 6.128665529828733e+18 5.994389099657608e+34 
1.05886e+11 1.54974e+29 6.238379482673539e+18 6.344854707817285e+34 
1.12087e+11 1.67177e+29 6.350333510683751e+18 6.715795944280082e+34 
1.18651e+11 1.76194e+29 6.428388036676534e+18 7.108440292573358e+34 
1.25600e+11 1.90066e+29 6.541651671837445e+18 7.524037382129352e+34 
1.32956e+11 2.05032e+29 6.657239487654538e+18 7.963933303355092e+34 
1.40743e+11 2.21176e+29 6.775100328018377e+18 8.429549428946682e+34 
1.48990e+11 2.35280e+29 6.873735380867504e+18 8.922552136232029e+34 
1.57712e+11 2.39181e+29 6.899153498605925e+18 9.444005872342685e+34 
1.66949e+11 2.58012e+29 7.013370962191299e+18 9.996133822597775e+34 
1.76730e+11 2.68295e+29 7.073135917038129e+18 1.058074721394353e+35 
1.87078e+11 2.82926e+29 7.153323986599686e+18 1.119924371589298e+35 
1.98036e+11 3.05201e+29 7.268675045455335e+18 1.185404822821345e+35 
2.09631e+11 3.29226e+29 7.386360310522591e+18 1.254692489832784e+35 
2.21910e+11 3.55147e+29 7.506299160734930e+18 1.328052097395570e+35 
2.34910e+11 3.83108e+29 7.628521258270248e+18 1.405703517004681e+35 
2.48669e+11 4.13267e+29 7.753048769416719e+18 1.487883580428388e+35 
2.63234e+11 4.45802e+29 7.879947899681037e+18 1.574868853119953e+35 
2.78655e+11 4.80899e+29 8.009261925139141e+18 1.666947224660782e+35 
2.94979e+11 5.18756e+29 8.141018919173186e+18 1.764406983201082e+35 
3.12261e+11 5.59596e+29 8.275642835190490e+18 1.867566666565433e+35 
3.30545e+11 5.84378e+29 8.352624705501338e+18 1.976694924756145e+35 
3.49920e+11 6.22842e+29 8.465271891744311e+18 2.092328716035328e+35 
3.70420e+11 6.71874e+29 8.601089573210641e+18 2.214653643101772e+35 
3.92123e+11 7.24762e+29 8.739551541298844e+18 2.344138031832606e+35 
4.15116e+11 7.81501e+29 8.879889882978809e+18 2.481298237801001e+35 
4.39510e+11 8.38557e+29 9.013243641371267e+18 2.626792785652362e+35 
4.65330e+11 8.89924e+29 9.126730293731567e+18 2.780776942672796e+35 
4.92607e+11 9.29806e+29 9.210108914286837e+18 2.943425908269731e+35 
5.21387e+11 9.53723e+29 9.257599438043947e+18 3.115025743145628e+35 
5.51749e+11 9.59742e+29 9.264705651139633e+18 3.296068379910961e+35 
5.83813e+11 9.49534e+29 9.249903055713325e+18 3.487237384406224e+35 
6.17743e+11 9.28516e+29 9.207491541931428e+18 3.689573704262573e+35 
6.53712e+11 9.03672e+29 9.155986364427958e+18 3.904107021163331e+35 
6.91835e+11 8.78033e+29 9.101041555764375e+18 4.131516483532704e+35 
7.32220e+11 8.61105e+29 9.063851125953099e+18 4.372414417319252e+35 
7.75032e+11 8.68834e+29 9.080920501109664e+18 4.627693721206551e+35 
8.20428e+11 9.09172e+29 9.167553519563928e+18 4.898209645781638e+35 
8.68544e+11 9.77799e+29 9.285681569541663e+18 5.184900928369371e+35 
9.19497e+11 1.05748e+30 9.374952962798811e+18 5.488676151796658e+35 
9.73401e+11 1.12624e+30 9.447255829770199e+18 5.810014950339580e+35 
1.03042e+12 1.18241e+30 9.503240626541048e+18 6.149917283767264e+35 
1.09077e+12 1.24059e+30 9.559222711502500e+18 6.509634919337803e+35 
1.15464e+12 1.29881e+30 9.609678862177372e+18 6.890281898043048e+35 
1.22221e+12 1.35599e+30 9.658789218679892e+18 7.293008072217691e+35 
1.29372e+12 1.41435e+30 9.704531067911315e+18 7.719175304897209e+35 
1.36941e+12 1.47928e+30 9.753554988740671e+18 8.170237830914549e+35 
1.44955e+12 1.55646e+30 9.808199488700090e+18 8.647767919000173e+35 
1.53439e+12 1.64510e+30 9.866973331331504e+18 9.153272739352134e+35 
1.62419e+12 1.74185e+30 9.929580322901424e+18 9.688303821791190e+35 
1.71925e+12 1.84544e+30 9.991390205307693e+18 1.025463967340674e+36 
1.81987e+12 1.95472e+30 1.005268045002961e+19 1.085411332886962e+36 
1.92640e+12 2.06910e+30 1.011355747229984e+19 1.148866604552532e+36 
2.03916e+12 2.18902e+30 1.017424672287373e+19 1.216034943554476e+36 
2.15853e+12 2.31656e+30 1.023436604725562e+19 1.287134121463616e+36 
2.28489e+12 2.45576e+30 1.029649826444827e+19 1.362390000279598e+36 
2.41864e+12 2.61244e+30 1.036392296334055e+19 1.442039657687529e+36 
2.56021e+12 2.79260e+30 1.043569416353698e+19 1.526340315690046e+36 
2.71005e+12 2.99826e+30 1.051410294319437e+19 1.615559304766703e+36 
2.86866e+12 3.22652e+30 1.059583738281558e+19 1.709990292040682e+36 
3.03655e+12 3.47691e+30 1.068031831145896e+19 1.809939334024828e+36 
3.21427e+12 3.74894e+30 1.076625668902176e+19 1.915732117066985e+36 
3.40240e+12 4.04158e+30 1.085510087737566e+19 2.027707760243623e+36 
3.60155e+12 4.35348e+30 1.094467273822821e+19 2.146233371984562e+36 
3.81239e+12 4.68318e+30 1.103297660571427e+19 2.271697952919526e+36 
4.03558e+12 5.02965e+30 1.112208634467278e+19 2.404503175841193e+36 
4.27187e+12 5.39287e+30 1.120902823299779e+19 2.545087371030007e+36 
4.52201e+12 5.77476e+30 1.129521293618639e+19 2.693902472133147e+36 
4.78682e+12 6.18006e+30 1.138288537866840e+19 2.851423009023457e+36 
5.06714e+12 6.61717e+30 1.147140017974392e+19 3.018159120362099e+36 
5.36387e+12 7.09826e+30 1.156351723905228e+19 3.194638422540065e+36 
5.67796e+12 7.63787e+30 1.166107858995696e+19 3.381420892824331e+36 
6.01042e+12 8.24820e+30 1.176560387618210e+19 3.579100065063773e+36 
6.36232e+12 8.92855e+30 1.187511812445890e+19 3.788320796159783e+36 
6.73484e+12 9.66509e+30 1.198781427460737e+19 4.009770023432177e+36 
7.12921e+12 1.04529e+31 1.210177976168121e+19 4.244175667998227e+36 
7.54671e+12 1.12914e+31 1.221532897478932e+19 4.492306652303473e+36 
7.98871e+12 1.21848e+31 1.232965554668832e+19 4.754960285270795e+36 
8.45662e+12 1.31437e+31 1.244604034244120e+19 5.032975519146685e+36 
8.95194e+12 1.41847e+31 1.256640005264308e+19 5.327232536483019e+36 
9.47625e+12 1.53242e+31 1.268936763463375e+19 5.638682268482966e+36 
1.00313e+13 1.65649e+31 1.281695448261634e+19 5.968319145125237e+36 
1.06188e+13 1.79040e+31 1.294575543311212e+19 6.317238162126491e+36 
1.12409e+13 1.93459e+31 1.307731758527165e+19 6.686561992141097e+36 
1.18994e+13 2.08967e+31 1.321147888267864e+19 7.077486937538889e+36 
1.25965e+13 2.25637e+31 1.334725259629793e+19 7.491281207686459e+36 
1.33345e+13 2.43564e+31 1.348475300489491e+19 7.929273042329481e+36 
1.41157e+13 2.62856e+31 1.362513024544831e+19 8.392854610991031e+36 
1.49427e+13 2.83615e+31 1.376842421842926e+19 8.883512207218525e+36 
1.58182e+13 3.05912e+31 1.391240867138114e+19 9.402857283262888e+36 
1.67450e+13 3.29843e+31 1.405891325118101e+19 9.952554646067090e+36 
1.77262e+13 3.55521e+31 1.420795779546306e+19 1.053438250539883e+37 
1.87649e+13 3.83069e+31 1.435856406934854e+19 1.115023621356853e+37 
1.98645e+13 4.12614e+31 1.451170421450033e+19 1.180209877387184e+37 
2.10286e+13 4.44287e+31 1.466536519669095e+19 1.249210795519528e+37 
2.22611e+13 4.78218e+31 1.482242546570254e+19 1.322245761199414e+37 
2.35658e+13 5.14533e+31 1.497974908324395e+19 1.399555278718580e+37 
2.49472e+13 5.53348e+31 1.514010429998503e+19 1.481384455934686e+37 
2.64096e+13 5.94760e+31 1.530115603413290e+19 1.568000085038798e+37 
2.79577e+13 6.38845e+31 1.546249905956102e+19 1.659680764973281e+37 
2.95966e+13 6.85660e+31 1.562566534770882e+19 1.756716885267288e+37 
3.13316e+13 7.35254e+31 1.578721922803539e+19 1.859425256833233e+37 
3.31683e+13 7.87716e+31 1.594991058125802e+19 1.968130015174142e+37 
3.51126e+13 8.43263e+31 1.611197046859393e+19 2.083187863660215e+37 
3.71710e+13 9.02324e+31 1.627427503750463e+19 2.204975579447854e+37 
3.93503e+13 9.65341e+31 1.643963000248379e+19 2.333885012247820e+37 
4.16575e+13 1.03259e+32 1.660501595889284e+19 2.470341486608686e+37 
4.41001e+13 1.10411e+32 1.677177503222751e+19 2.614778472280994e+37 
4.66859e+13 1.17969e+32 1.693662615198459e+19 2.767663385338670e+37 
4.94234e+13 1.25915e+32 1.710154805454363e+19 2.929475286625236e+37 
5.23213e+13 1.34281e+32 1.726697474682601e+19 3.100736949808384e+37 
5.53892e+13 1.43147e+32 1.743115773664703e+19 3.282017088402122e+37 
5.86371e+13 1.52577e+32 1.759484451887646e+19 3.473904287816602e+37 
6.20756e+13 1.62632e+32 1.776164421953862e+19 3.677007679788630e+37 
6.57160e+13 1.73363e+32 1.792864781169049e+19 3.891995124733741e+37 
6.95699e+13 1.84810e+32 1.809788230207074e+19 4.119549906475567e+37 
7.36499e+13 1.97013e+32 1.826708133716924e+19 4.360412285337027e+37 
7.79691e+13 2.10035e+32 1.843961192131546e+19 4.615340690809121e+37 
8.25416e+13 2.24026e+32 1.861379633057078e+19 4.885173750310432e+37 
8.73825e+13 2.39169e+32 1.879123044939916e+19 5.170788266874460e+37 
9.25075e+13 2.55761e+32 1.897466722974081e+19 5.473104604500068e+37 
9.79331e+13 2.74341e+32 1.916933974438479e+19 5.793087841874611e+37 
1.03677e+14 2.95380e+32 1.937753170120634e+19 6.131788950463970e+37 
1.09764e+14 3.18062e+32 1.958937505079631e+19 6.490572245891560e+37 
1.16200e+14 3.45988e+32 1.983512016610068e+19 6.869910444831017e+37 
1.22987e+14 3.86386e+32 2.017159771932760e+19 7.269745930265198e+37 
1.30185e+14 4.28093e+32 2.048028512485806e+19 7.693811301368173e+37 
1.37975e+14 4.20038e+32 2.042104513304057e+19 8.152559839032585e+37 
1.46102e+14 4.67319e+32 2.077431508566362e+19 8.630800186664241e+37 
1.54676e+14 5.39041e+32 2.124972078768990e+19 9.135395826112841e+37 
1.63757e+14 6.27390e+32 2.180119440001153e+19 9.669507344958216e+37 
1.73375e+14 7.36208e+32 2.244339519492798e+19 1.023483766732013e+38 
1.83564e+14 8.70129e+32 2.318963155645642e+19 1.083321897342135e+38 
1.94357e+14 1.03474e+33 2.405594440704713e+19 1.146657817396589e+38 
2.05794e+14 1.23675e+33 2.505903013147448e+19 1.213696934148446e+38 
2.17913e+14 1.48457e+33 2.621941227679575e+19 1.284652768368329e+38 
2.30751e+14 1.79183e+33 2.757895789079511e+19 1.359705104481614e+38 
2.44357e+14 2.16705e+33 2.914278580064123e+19 1.439127922239278e+38 
2.58784e+14 2.62312e+33 3.093588138302172e+19 1.523181055854228e+38 
2.74085e+14 3.17600e+33 3.298544925483516e+19 1.612138377721118e+38 
2.90319e+14 3.84477e+33 3.532214529581070e+19 1.706288205547264e+38 
3.07549e+14 4.65211e+33 3.797977068025985e+19 1.805935106357070e+38 
3.25842e+14 5.62484e+33 4.099648217623888e+19 1.911398552966547e+38 
3.45273e+14 6.79458e+33 4.441130111967358e+19 2.023021248647064e+38 
3.65921e+14 8.19857e+33 4.826773630434787e+19 2.141163155529198e+38 
3.87876e+14 9.88052e+33 5.261247947847204e+19 2.266205258568437e+38 
4.11232e+14 1.18917e+34 5.749664563028669e+19 2.398547463160577e+38 
4.36094e+14 1.42921e+34 6.297345134455223e+19 2.538615262912063e+38 
4.62579e+14 1.71518e+34 6.909790869116160e+19 2.686862400624284e+38 
4.90812e+14 2.05525e+34 7.593147756778566e+19 2.843757923506179e+38 
5.20934e+14 2.45890e+34 8.353227593075525e+19 3.009816142761124e+38 
5.53099e+14 2.93717e+34 9.196521129838859e+19 3.185566248682526e+38 
5.87479e+14 3.50282e+34 1.012968303149732e+20 3.371566802083004e+38 
6.24263e+14 4.17061e+34 1.115911011941061e+20 3.568421172452708e+38 
6.63662e+14 4.95755e+34 1.229180725593814e+20 3.776743252477482e+38 
7.05912e+14 5.88320e+34 1.353421788638383e+20 3.997199750312967e+38 
7.51274e+14 6.96994e+34 1.489234304458716e+20 4.230506227091354e+38 
8.00039e+14 8.24338e+34 1.637280840684323e+20 4.477372014922710e+38 
8.52534e+14 9.73259e+34 1.798052560402351e+20 4.738602776076323e+38 
9.09121e+14 1.14705e+35 1.972068783548567e+20 5.014997385083701e+38 
9.70206e+14 1.34940e+35 2.159721630254297e+20 5.307412786902094e+38 
1.03624e+15 1.58446e+35 2.361274707429778e+20 5.616755421154464e+38 
1.10773e+15 1.85678e+35 2.576861064479271e+20 5.943967107393865e+38 
1.18524e+15 2.17136e+35 2.806456669663942e+20 6.290022552476009e+38 
1.26938e+15 2.53363e+35 3.049807193403776e+20 6.655964982631818e+38 
1.36085e+15 2.94938e+35 3.306520943614257e+20 7.042837573608930e+38 
1.46041e+15 3.42481e+35 3.575977696220116e+20 7.451769951401711e+38 
1.56891e+15 3.96663e+35 3.857422702575249e+20 7.883979215203330e+38 
1.68728e+15 4.58223e+35 4.150185924534977e+20 8.340704580776463e+38 
1.81660e+15 5.28020e+35 4.453735929048098e+20 8.823308888650888e+38 
1.95803e+15 6.07081e+35 4.767783578574072e+20 9.333334646811084e+38 
2.11293e+15 6.96662e+35 5.092426675045199e+20 9.872431865948311e+38 
2.28282e+15 7.98298e+35 5.428108121181027e+20 1.044234657090469e+39 
2.46943e+15 9.13827e+35 5.775392579278189e+20 1.104504133514569e+39 
2.67475e+15 1.04542e+36 6.134959689500644e+20 1.168256092523451e+39 
2.90101e+15 1.19563e+36 6.507466103641663e+20 1.235706652570879e+39 
3.15075e+15 1.36737e+36 6.893508679037368e+20 1.307079640874678e+39 
3.42689e+15 1.56401e+36 7.293500645887988e+20 1.382620003454150e+39 
