500
1.65854e+05 1.08194e+21 9.999999999999999e-01 9.991249248248379e+28 
1.73837e+05 1.17046e+21 5.211998555667173e+14 1.047215914302166e+29 
1.82204e+05 1.26609e+21 1.058443748034169e+15 1.097621662449153e+29 
1.90974e+05 1.36943e+21 1.612272373979501e+15 1.150453600085763e+29 
2.00166e+05 1.48106e+21 2.183102964443576e+15 1.205828506708181e+29 
2.09801e+05 1.60163e+21 2.771361840691591e+15 1.263868779934416e+29 
2.19900e+05 1.73188e+21 3.377589788935410e+15 1.324702704854452e+29 
2.30484e+05 1.87252e+21 4.002188393033077e+15 1.388464757222266e+29 
2.41578e+05 2.02441e+21 4.645742782540272e+15 1.455295876436450e+29 
2.53206e+05 2.18840e+21 5.308667845604440e+15 1.525343782544077e+29 
2.65394e+05 2.36547e+21 5.991551924977661e+15 1.598763318074069e+29 
2.78168e+05 2.55660e+21 6.694859167771189e+15 1.675716766528049e+29 
2.91557e+05 2.76292e+21 7.419182957649160e+15 1.756374210039608e+29 
3.05591e+05 2.98560e+21 8.165039059367091e+15 1.840913957919530e+29 
3.20300e+05 3.22589e+21 8.932919928365032e+15 1.929522861552686e+29 
3.35718e+05 3.48521e+21 9.723558074083956e+15 2.022396788666012e+29 
3.51877e+05 3.76499e+21 1.053738991465612e+16 2.119741025507303e+29 
3.68814e+05 4.06678e+21 1.137495090945489e+16 2.221770735534823e+29 
3.86566e+05 4.39237e+21 1.223704419667438e+16 2.328711458155817e+29 
4.05173e+05 4.74353e+21 1.312416675762865e+16 2.440799574375000e+29 
4.24676e+05 5.12226e+21 1.403697051445974e+16 2.558282831410863e+29 
4.45117e+05 5.53063e+21 1.497603261652935e+16 2.681420936204646e+29 
4.66542e+05 5.97090e+21 1.594196804675706e+16 2.810486038585070e+29 
4.88999e+05 6.44561e+21 1.693562207656791e+16 2.945763464985818e+29 
5.12536e+05 6.95727e+21 1.795742634807929e+16 3.087552213359160e+29 
5.37207e+05 7.50875e+21 1.900818691120050e+16 3.236165688029306e+29 
5.63064e+05 8.10309e+21 2.008859903934591e+16 3.391932373372696e+29 
5.90167e+05 8.74351e+21 2.119931848690214e+16 3.555196628645954e+29 
6.18574e+05 9.43349e+21 2.234104707327202e+16 3.726319282812658e+29 
6.48348e+05 1.01768e+22 2.351448906966646e+16 3.905678576582558e+29 
6.79556e+05 1.09775e+22 2.472048561980359e+16 4.093671024279903e+29 
7.12266e+05 1.18397e+22 2.595963721175201e+16 4.290712100964867e+29 
7.46550e+05 1.27684e+22 2.723287876217648e+16 4.497237390705700e+29 
7.82484e+05 1.37682e+22 2.854073717542024e+16 4.713703394155978e+29 
8.20148e+05 1.48447e+22 2.988424715971748e+16 4.940588586535011e+29 
8.59626e+05 1.60034e+22 3.126393917913538e+16 5.178394474356157e+29 
9.01003e+05 1.72506e+22 3.268073400276864e+16 5.427646641312292e+29 
9.44372e+05 1.85928e+22 3.413543631856371e+16 5.688896150200750e+29 
9.89829e+05 2.00370e+22 3.562890222966615e+16 5.962720400802282e+29 
1.03747e+06 2.15908e+22 3.716190155237941e+16 6.249724653074854e+29 
1.08741e+06 2.32623e+22 3.873523194079149e+16 6.550543296158368e+29 
1.13975e+06 2.50603e+22 4.034988700231978e+16 6.865841249865994e+29 
1.19461e+06 2.69937e+22 4.200649741298256e+16 7.196315522383844e+29 
1.25212e+06 2.90728e+22 4.370607517337170e+16 7.542696531129748e+29 
1.31239e+06 3.13082e+22 4.544952965678410e+16 7.905749923212275e+29 
1.37556e+06 3.37113e+22 4.723772548283409e+16 8.286278192358231e+29 
1.44177e+06 3.62943e+22 4.907148703056318e+16 8.685122518828750e+29 
1.51117e+06 3.90703e+22 5.095175757384949e+16 9.103164382238175e+29 
1.58391e+06 4.20533e+22 5.287942505755081e+16 9.541327967059574e+29 
1.66015e+06 4.52584e+22 5.485552273295107e+16 1.000058176545328e+30 
1.74006e+06 4.87015e+22 5.688087984190961e+16 1.048194072698480e+30 
1.82382e+06 5.23997e+22 5.895633785305102e+16 1.098646915062034e+30 
1.91160e+06 5.63716e+22 6.108311989430135e+16 1.151528197935685e+30 
2.00362e+06 6.06370e+22 6.326208176095293e+16 1.206954825577511e+30 
2.10006e+06 6.52161e+22 6.549394973355514e+16 1.265049310671869e+30 
2.20115e+06 7.01322e+22 6.777996506766529e+16 1.325940063217980e+30 
2.30710e+06 7.54093e+22 7.012116482905914e+16 1.389761673692257e+30 
2.41815e+06 8.10726e+22 7.251834954309354e+16 1.456655210932891e+30 
2.53455e+06 8.71498e+22 7.497256535056606e+16 1.526768555466735e+30 
2.65655e+06 9.36707e+22 7.748504106938486e+16 1.600256662519210e+30 
2.78442e+06 1.00666e+23 8.005653944219872e+16 1.677281991411788e+30 
2.91845e+06 1.08169e+23 8.268808332741546e+16 1.758014777219825e+30 
3.05893e+06 1.16217e+23 8.538096619391270e+16 1.842633483479691e+30 
3.20618e+06 1.24847e+23 8.813602836349203e+16 1.931325169397054e+30 
3.36051e+06 1.34100e+23 9.095436613375406e+16 2.024285823924579e+30 
3.52226e+06 1.44020e+23 9.383708668335165e+16 2.121720999556679e+30 
3.69181e+06 1.54654e+23 9.678522260940437e+16 2.223846012323616e+30 
3.86952e+06 1.66050e+23 9.979987133583376e+16 2.330886629987470e+30 
4.05578e+06 1.78264e+23 1.028821994756298e+17 2.443079428370255e+30 
4.25100e+06 1.91351e+23 1.060331715626826e+17 2.560672448662927e+30 
4.45563e+06 2.05371e+23 1.092540455418561e+17 2.683925550357943e+30 
4.67010e+06 2.20391e+23 1.125458020423090e+17 2.813111222677298e+30 
4.89490e+06 2.36478e+23 1.159098075463313e+17 2.948514991040303e+30 
5.13052e+06 2.53707e+23 1.193469760011460e+17 3.090436190313622e+30 
5.37749e+06 2.72155e+23 1.228584635481733e+17 3.239188479664765e+30 
5.63634e+06 2.91908e+23 1.264454837205895e+17 3.395100663648390e+30 
5.90765e+06 3.13055e+23 1.301092826207941e+17 3.558517417242499e+30 
6.19202e+06 3.35690e+23 1.338509597147249e+17 3.729799890993771e+30 
6.49008e+06 3.59917e+23 1.376717398661622e+17 3.909326740472169e+30 
6.80248e+06 3.85843e+23 1.415727629439649e+17 4.097494783236447e+30 
7.12993e+06 4.13586e+23 1.455553888904676e+17 4.294719921655373e+30 
7.47314e+06 4.43268e+23 1.496207012903550e+17 4.501438121788630e+30 
7.83287e+06 4.75021e+23 1.537699490871493e+17 4.718106302608064e+30 
8.20991e+06 5.08986e+23 1.580044518592775e+17 4.945203445568575e+30 
8.60511e+06 5.45313e+23 1.623254393749733e+17 5.183231404329871e+30 
9.01933e+06 5.84163e+23 1.667342138621388e+17 5.432716426061075e+30 
9.45349e+06 6.25705e+23 1.712319357368294e+17 5.694209966315444e+30 
9.90855e+06 6.70121e+23 1.758200250580540e+17 5.968289967728270e+30 
1.03855e+07 7.17605e+23 1.804997636338482e+17 6.255562289619219e+30 
1.08854e+07 7.68363e+23 1.852724716813188e+17 6.556661915449574e+30 
1.14094e+07 8.22616e+23 1.901394331571240e+17 6.872254418496539e+30 
1.19587e+07 8.80599e+23 1.951021140269925e+17 7.203037324797608e+30 
1.25343e+07 9.42559e+23 2.001617014601283e+17 7.549741900842428e+30 
1.31377e+07 1.00877e+24 2.053197977570497e+17 7.913134428700173e+30 
1.37701e+07 1.07950e+24 2.105776434899181e+17 8.294018131583616e+30 
1.44330e+07 1.15507e+24 2.159366760560130e+17 8.693234996105630e+30 
1.51277e+07 1.23580e+24 2.213983377068568e+17 9.111667347341587e+30 
1.58559e+07 1.32202e+24 2.269641194238126e+17 9.550240156874558e+30 
1.66192e+07 1.41410e+24 2.326353930438867e+17 1.000992293444337e+31 
1.74192e+07 1.51244e+24 2.384135768980528e+17 1.049173161576708e+31 
1.82577e+07 1.61745e+24 2.443004127797535e+17 1.099673122874373e+31 
1.91366e+07 1.72957e+24 2.502970775820298e+17 1.152603804158914e+31 
2.00578e+07 1.84928e+24 2.564052790070426e+17 1.208082202308101e+31 
2.10234e+07 1.97707e+24 2.626267263255332e+17 1.266230948256340e+31 
2.20354e+07 2.11347e+24 2.689623116386442e+17 1.327178571323884e+31 
2.30962e+07 2.25906e+24 2.754142696197870e+17 1.391059792508561e+31 
2.42080e+07 2.41447e+24 2.819847816899492e+17 1.458015827593888e+31 
2.53733e+07 2.58030e+24 2.886741243777462e+17 1.528194662017522e+31 
2.65947e+07 2.75727e+24 2.954847109827397e+17 1.601751416201569e+31 
2.78750e+07 2.94608e+24 3.024176427242103e+17 1.678848679925959e+31 
2.92169e+07 3.14754e+24 3.094750855170841e+17 1.759656878465582e+31 
3.06233e+07 3.36248e+24 3.166588033344493e+17 1.844354624765439e+31 
3.20975e+07 3.59178e+24 3.239703430618698e+17 1.933129138987544e+31 
3.36427e+07 3.83639e+24 3.314119390118145e+17 2.026176646800840e+31 
3.52622e+07 4.09726e+24 3.389837450164735e+17 2.123702816952040e+31 
3.69597e+07 4.37555e+24 3.466901863247745e+17 2.225923228773196e+31 
3.87389e+07 4.67227e+24 3.545296918852790e+17 2.333063815973129e+31 
4.06038e+07 4.98878e+24 3.625076964452065e+17 2.445361424910403e+31 
4.25585e+07 5.32625e+24 3.706234363758476e+17 2.563064272897928e+31 
4.46073e+07 5.68612e+24 3.788803967285683e+17 2.686432502090286e+31 
4.67547e+07 6.06979e+24 3.872791015554941e+17 2.815738856855620e+31 
4.90054e+07 6.47883e+24 3.958218761607051e+17 2.951269097712360e+31 
5.13646e+07 6.91495e+24 4.045119221484543e+17 3.093322830167077e+31 
5.38373e+07 7.37987e+24 4.133501293456043e+17 3.242214070833034e+31 
5.64291e+07 7.87543e+24 4.223383839663236e+17 3.398271919397733e+31 
5.91456e+07 8.40366e+24 4.314789142665473e+17 3.561841297929235e+31 
6.19929e+07 8.96668e+24 4.407740470776266e+17 3.733283770099721e+31 
6.49773e+07 9.56677e+24 4.502259906928945e+17 3.912978290820736e+31 
6.81054e+07 1.02063e+25 4.598364194314916e+17 4.101322115250477e+31 
7.13841e+07 1.08878e+25 4.696074855741901e+17 4.298731463472481e+31 
7.48207e+07 1.16141e+25 4.795419364868001e+17 4.505642743178268e+31 
7.84227e+07 1.23879e+25 4.896412184836668e+17 4.722513304076591e+31 
8.21981e+07 1.32125e+25 4.999075999438295e+17 4.949822533075769e+31 
8.61552e+07 1.40911e+25 5.103441742904552e+17 5.188072899784434e+31 
9.03029e+07 1.50271e+25 5.209526285750022e+17 5.437790955809671e+31 
9.46503e+07 1.60243e+25 5.317351401322153e+17 5.699528679087425e+31 
9.92070e+07 1.70866e+25 5.426945006820927e+17 5.973864722201904e+31 
1.03983e+08 1.82184e+25 5.538337272592264e+17 6.261405386987251e+31 
1.08989e+08 1.94239e+25 5.651531522556334e+17 6.562786236685163e+31 
1.14236e+08 2.07080e+25 5.766576688953786e+17 6.878673533923102e+31 
1.19736e+08 2.20757e+25 5.883478074700252e+17 7.209765431240849e+31 
1.25500e+08 2.35324e+25 6.002268691135314e+17 7.556793824037580e+31 
1.31542e+08 2.50838e+25 6.122969727289194e+17 7.920525774184685e+31 
1.37875e+08 2.67362e+25 6.245623970997015e+17 8.301765277698659e+31 
1.44513e+08 2.84959e+25 6.370238855450733e+17 8.701355011662144e+31 
1.51471e+08 3.03696e+25 6.496837749380554e+17 9.120178215999198e+31 
1.58763e+08 3.23651e+25 6.625466637531219e+17 9.559160694196868e+31 
1.66407e+08 3.44898e+25 6.756135908500447e+17 1.001927284396956e+32 
1.74418e+08 3.67525e+25 6.888895984983235e+17 1.050153152939383e+32 
1.82816e+08 3.91614e+25 7.023746723599442e+17 1.100700285984141e+32 
1.91617e+08 4.17259e+25 7.160711900582563e+17 1.153680403586976e+32 
2.00843e+08 4.44568e+25 7.299862528962794e+17 1.209210628973749e+32 
2.10512e+08 4.73639e+25 7.441186444394282e+17 1.267413685206597e+32 
2.20647e+08 5.04588e+25 7.584731429870231e+17 1.328418239944906e+32 
2.31271e+08 5.37536e+25 7.730527943133439e+17 1.392359134061677e+32 
2.42405e+08 5.72609e+25 7.878594174442282e+17 1.459377707026659e+32 
2.54076e+08 6.09943e+25 8.028965763057975e+17 1.529622094031732e+32 
2.66309e+08 6.49685e+25 8.181684963098374e+17 1.603247550356583e+32 
2.79131e+08 6.91985e+25 8.336767976179411e+17 1.680416836245949e+32 
2.92570e+08 7.37008e+25 8.494248284982392e+17 1.761300505091463e+32 
3.06657e+08 7.84927e+25 8.654159965570936e+17 1.846077376106032e+32 
3.21421e+08 8.35930e+25 8.816542283176860e+17 1.934934810250130e+32 
3.36897e+08 8.90210e+25 8.981418801913576e+17 2.028069225229959e+32 
3.53118e+08 9.47975e+25 9.148820623802226e+17 2.125686487493398e+32 
3.70120e+08 1.00945e+26 9.318791189250584e+17 2.228002387013837e+32 
3.87940e+08 1.07487e+26 9.491365942978721e+17 2.335243054358283e+32 
4.06619e+08 1.14448e+26 9.666554327535095e+17 2.447645558650663e+32 
4.26197e+08 1.21856e+26 9.844422430351927e+17 2.565458336173860e+32 
4.46718e+08 1.29739e+26 1.002498869629438e+18 2.688941805639329e+32 
4.68227e+08 1.38126e+26 1.020829463512882e+18 2.818368914126697e+32 
4.90772e+08 1.47050e+26 1.039436674073543e+18 2.954025789829280e+32 
5.14403e+08 1.56545e+26 1.058325052939082e+18 3.096212193308370e+32 
5.39171e+08 1.66647e+26 1.077497488145438e+18 3.245242516984224e+32 
5.65132e+08 1.77395e+26 1.096958413879495e+18 3.401446101915912e+32 
5.92344e+08 1.88829e+26 1.116710337850282e+18 3.565168284872792e+32 
6.20865e+08 2.00993e+26 1.136758825967556e+18 3.736770896952793e+32 
6.50761e+08 2.13934e+26 1.157106852481844e+18 3.916633283540617e+32 
6.82096e+08 2.27700e+26 1.177758197063561e+18 4.105152997978681e+32 
7.14940e+08 2.42343e+26 1.198716090071483e+18 4.302746732859525e+32 
7.49365e+08 2.57919e+26 1.219985366618050e+18 4.509851305802118e+32 
7.85449e+08 2.74488e+26 1.241569901127946e+18 4.726924477808503e+32 
8.23270e+08 2.92111e+26 1.263473693562179e+18 4.954445984698919e+32 
8.62913e+08 3.10855e+26 1.285700045967749e+18 5.192918872784449e+32 
9.04465e+08 3.30791e+26 1.308253934330790e+18 5.442870157827345e+32 
9.48018e+08 3.51994e+26 1.331139027881797e+18 5.704852440216487e+32 
9.93668e+08 3.74545e+26 1.354360307289604e+18 5.979444689963357e+32 
1.04152e+09 3.98526e+26 1.377920537067627e+18 6.267253945778212e+32 
1.09167e+09 4.24030e+26 1.401824728661095e+18 6.568916303941025e+32 
1.14424e+09 4.51152e+26 1.426077716753708e+18 6.885098636359070e+32 
1.19934e+09 4.79994e+26 1.450682966890424e+18 7.216499786113982e+32 
1.25709e+09 5.10663e+26 1.475645331193282e+18 7.563852388880212e+32 
1.31763e+09 5.43275e+26 1.500969471671425e+18 7.927924046895899e+32 
1.38108e+09 5.77950e+26 1.526658891130282e+18 8.309519684361428e+32 
1.44759e+09 6.14820e+26 1.552718836644404e+18 8.709482641634678e+32 
1.51730e+09 6.54021e+26 1.579152856147317e+18 9.128697065214161e+32 
1.59037e+09 6.95701e+26 1.605967237741717e+18 9.568089575984215e+32 
1.66696e+09 7.40012e+26 1.633164582165328e+18 1.002863145759428e+33 
1.74723e+09 7.87122e+26 1.660750769642436e+18 1.051134067097199e+33 
1.83138e+09 8.37206e+26 1.688731089736573e+18 1.101728411316451e+33 
1.91957e+09 8.90447e+26 1.717108103403735e+18 1.154758016828778e+33 
2.01202e+09 9.47043e+26 1.745887485729104e+18 1.210340107229742e+33 
2.10891e+09 1.00721e+27 1.775075762149992e+18 1.268597528331090e+33 
2.21048e+09 1.07116e+27 1.804674553423049e+18 1.329659071882509e+33 
2.31694e+09 1.13914e+27 1.834691259408825e+18 1.393659685265820e+33 
2.42852e+09 1.21139e+27 1.865130360496838e+18 1.460740861262551e+33 
2.54548e+09 1.28819e+27 1.895995620332110e+18 1.531050848739429e+33 
2.66807e+09 1.36980e+27 1.927291733069142e+18 1.604745081423099e+33 
2.79657e+09 1.45655e+27 1.959025832173955e+18 1.681986448881559e+33 
2.93126e+09 1.54874e+27 1.991201486102171e+18 1.762945677241284e+33 
3.07243e+09 1.64671e+27 2.023822909821240e+18 1.847801730090604e+33 
3.22041e+09 1.75082e+27 2.056896557313985e+18 1.936742166920037e+33 
3.37552e+09 1.86145e+27 2.090426354019733e+18 2.029963562128825e+33 
3.53809e+09 1.97902e+27 2.124418736781543e+18 2.127672031479798e+33 
3.70850e+09 2.10393e+27 2.158877315419981e+18 2.230083477850011e+33 
3.88712e+09 2.23666e+27 2.193809147085618e+18 2.337424335880959e+33 
4.07434e+09 2.37768e+27 2.229216937886109e+18 2.449931815258918e+33 
4.27058e+09 2.52752e+27 2.265107770961881e+18 2.567854624374978e+33 
4.47628e+09 2.68670e+27 2.301485643595801e+18 2.691453454573906e+33 
4.69188e+09 2.85581e+27 2.338357880706457e+18 2.821001458796510e+33 
4.91788e+09 3.03546e+27 2.375725868125994e+18 2.956785011953964e+33 
5.15476e+09 3.22631e+27 2.413599535559558e+18 3.099104265033802e+33 
5.40305e+09 3.42903e+27 2.451980164723784e+18 3.248273779827923e+33 
5.66330e+09 3.64437e+27 2.490874728634773e+18 3.404623273912340e+33 
5.93610e+09 3.87310e+27 2.530289409801881e+18 3.568498379114304e+33 
6.22204e+09 4.11603e+27 2.570227795478542e+18 3.740261284230897e+33 
6.52175e+09 4.37405e+27 2.610696074654611e+18 3.920291663796080e+33 
6.83590e+09 4.64807e+27 2.651699672962816e+18 4.108987479454583e+33 
7.16519e+09 4.93908e+27 2.693242693700620e+18 4.306765779105683e+33 
7.51035e+09 5.24812e+27 2.735332684337260e+18 4.514063788573648e+33 
7.87213e+09 5.57629e+27 2.777972638751065e+18 4.731339694201626e+33 
8.25135e+09 5.92476e+27 2.821169632663275e+18 4.959073799309471e+33 
8.64884e+09 6.29477e+27 2.864927874594524e+18 5.197769381968517e+33 
9.06548e+09 6.68764e+27 2.909253293849274e+18 5.447954180602568e+33 
9.50220e+09 7.10474e+27 2.954149959585803e+18 5.710181099060132e+33 
9.95997e+09 7.54758e+27 2.999625746677641e+18 5.985029870398907e+33 
1.04398e+10 8.01770e+27 3.045683376835021e+18 6.273107946001267e+33 
1.09427e+10 8.51675e+27 3.092328551721651e+18 6.575052106695122e+33 
1.14699e+10 9.04652e+27 3.139567468165390e+18 6.891529783812489e+33 
1.20225e+10 9.60885e+27 3.187405208432246e+18 7.223240505749467e+33 
1.26017e+10 1.02057e+28 3.235846340985301e+18 7.570917461206225e+33 
1.32088e+10 1.08392e+28 3.284896167192594e+18 7.935329239691102e+33 
1.38452e+10 1.15115e+28 3.334559676658449e+18 8.317281294589225e+33 
1.45122e+10 1.22250e+28 3.384842854052750e+18 8.717617828951298e+33 
1.52114e+10 1.29822e+28 3.435749616687613e+18 9.137223823709531e+33 
1.59443e+10 1.37857e+28 3.487285088690722e+18 9.577026842164251e+33 
1.67125e+10 1.46383e+28 3.539455655952020e+18 1.003799885757278e+34 
1.75178e+10 1.55428e+28 3.592263445449882e+18 1.052115888577681e+34 
1.83618e+10 1.65026e+28 3.645717660446743e+18 1.102757501435463e+34 
1.92465e+10 1.75208e+28 3.699817394109348e+18 1.155836627666464e+34 
2.01739e+10 1.86010e+28 3.754574243455932e+18 1.211470641788058e+34 
2.11460e+10 1.97469e+28 3.809986640927383e+18 1.269782488987506e+34 
2.21649e+10 2.09623e+28 3.866061845449491e+18 1.330901060842073e+34 
2.32329e+10 2.22515e+28 3.922805789272245e+18 1.394961454379996e+34 
2.43524e+10 2.36188e+28 3.980218751408432e+18 1.462105275864069e+34 
2.55259e+10 2.50689e+28 4.038309759033802e+18 1.532480952908667e+34 
2.67559e+10 2.66068e+28 4.097083038710630e+18 1.606244012366911e+34 
2.80452e+10 2.82376e+28 4.156542105121176e+18 1.683557536290579e+34 
2.93966e+10 2.99667e+28 4.216688914203737e+18 1.764592378392853e+34 
3.08132e+10 3.18001e+28 4.277526188708303e+18 1.849527688389682e+34 
3.22981e+10 3.37440e+28 4.339065022600674e+18 1.938551188538492e+34 
3.38546e+10 3.58047e+28 4.401304491759369e+18 2.031859686311149e+34 
3.54861e+10 3.79890e+28 4.464239672901903e+18 2.129659400358412e+34 
3.71963e+10 4.03046e+28 4.527889866730956e+18 2.232166532935986e+34 
3.89889e+10 4.27589e+28 4.592252246929913e+18 2.339607637232554e+34 
4.08679e+10 4.53604e+28 4.657334319098469e+18 2.452220202868523e+34 
4.28375e+10 4.81171e+28 4.723128997090214e+18 2.570253165632355e+34 
4.49020e+10 5.10382e+28 4.789640869307610e+18 2.693967440311580e+34 
4.70661e+10 5.41338e+28 4.856884856541679e+18 2.823636450999091e+34 
4.93345e+10 5.74138e+28 4.924855796511589e+18 2.959546861137670e+34 
5.17123e+10 6.08884e+28 4.993549085224495e+18 3.101999020784185e+34 
5.42048e+10 6.45698e+28 5.062980639497688e+18 3.251307877975414e+34 
5.68174e+10 6.84693e+28 5.133144722024999e+18 3.407803408611256e+34 
5.95559e+10 7.25998e+28 5.204047037988170e+18 3.571831569974073e+34 
6.24266e+10 7.69750e+28 5.275694726414112e+18 3.743754898555755e+34 
6.54356e+10 8.16082e+28 5.348077522022232e+18 3.923953451988257e+34 
6.85897e+10 8.65144e+28 5.421198948069973e+18 4.112825525349531e+34 
7.18959e+10 9.17095e+28 5.495063962848490e+18 4.310788583389967e+34 
7.53615e+10 9.72104e+28 5.569679150471782e+18 4.518280219676451e+34 
7.89943e+10 1.03034e+29 5.645038214595914e+18 4.735759072147948e+34 
8.28022e+10 1.09198e+29 5.721139206868530e+18 4.963705865822014e+34 
8.67937e+10 1.15724e+29 5.797994463269291e+18 5.202624461981685e+34 
9.09778e+10 1.22631e+29 5.875589453992369e+18 5.453042905671341e+34 
9.53636e+10 1.29940e+29 5.953934776655070e+18 5.715514788380150e+34 
9.99609e+10 1.37676e+29 6.033032298267404e+18 5.990620269431937e+34 
1.04780e+11 1.45860e+29 6.112867857721042e+18 6.278967442431195e+34 
1.09831e+11 1.54520e+29 6.193459276968894e+18 6.581193615792537e+34 
1.15126e+11 1.63680e+29 6.274781442890562e+18 6.897966931394706e+34 
1.20677e+11 1.73370e+29 6.356852344777250e+18 7.229987438786727e+34 
1.26495e+11 1.83621e+29 6.439674058504989e+18 7.577989211511474e+34 
1.32594e+11 1.94460e+29 6.523224962327007e+18 7.942741338812825e+34 
1.38986e+11 2.05923e+29 6.607515569852929e+18 8.325050171221717e+34 
1.45688e+11 2.18043e+29 6.692534797458925e+18 8.725760633978627e+34 
1.52712e+11 2.30858e+29 6.778299840839010e+18 9.145758593541965e+34 
1.60075e+11 2.44403e+29 6.864775092682633e+18 9.585972406233661e+34 
1.67794e+11 2.58722e+29 6.951983532159062e+18 1.004737498439306e+35 
1.75884e+11 2.73855e+29 7.039911450457434e+18 1.053098634459379e+35 
1.84365e+11 2.89849e+29 7.128562026977889e+18 1.103787543151511e+35 
1.93255e+11 3.06747e+29 7.217919042598903e+18 1.156916258846864e+35 
2.02574e+11 3.24600e+29 7.307975361422195e+18 1.212602238945874e+35 
2.12343e+11 3.43459e+29 7.398733201297669e+18 1.270968545690604e+35 
2.22582e+11 3.63381e+29 7.490192964776521e+18 1.332144208709172e+35 
2.33316e+11 3.84418e+29 7.582326872230419e+18 1.396264441590894e+35 
2.44567e+11 4.06634e+29 7.675148833697006e+18 1.463470985641430e+35 
2.56361e+11 4.30092e+29 7.768646728233763e+18 1.533912392524235e+35 
2.68725e+11 4.54854e+29 7.862803027779468e+18 1.607744353446390e+35 
2.81684e+11 4.80993e+29 7.957618010055162e+18 1.685130088496967e+35 
2.95269e+11 5.08579e+29 8.053079099283656e+18 1.766240611172016e+35 
3.09509e+11 5.37689e+29 8.149176063335811e+18 1.851255271862456e+35 
3.24436e+11 5.68402e+29 8.245897711491620e+18 1.940361939373850e+35 
3.40084e+11 6.00804e+29 8.343240838828029e+18 2.033757579207856e+35 
3.56486e+11 6.34977e+29 8.441181626648265e+18 2.131648647523896e+35 
3.73680e+11 6.71018e+29 8.539723081171772e+18 2.234251509417217e+35 
3.91703e+11 7.09020e+29 8.638842056319593e+18 2.341792983120315e+35 
4.10596e+11 7.48986e+29 8.738290454488752e+18 2.454510736828748e+35 
4.30401e+11 7.90265e+29 8.836498104019944e+18 2.572653465634035e+35 
4.51160e+11 8.14667e+29 8.891829452887327e+18 2.696483445640101e+35 
4.72920e+11 8.34064e+29 8.933761112355287e+18 2.826273552324700e+35 
4.95728e+11 8.52358e+29 8.971481113048860e+18 2.962310870435677e+35 
5.19636e+11 8.70335e+29 9.006838012808510e+18 3.104896084334616e+35 
5.44694e+11 8.88375e+29 9.040686281398794e+18 3.254344372760278e+35 
5.70960e+11 9.06741e+29 9.073561049062200e+18 3.410986067046047e+35 
5.98491e+11 9.25600e+29 9.105765231965731e+18 3.575167422207728e+35 
6.27349e+11 9.45094e+29 9.137523914473691e+18 3.747251321513566e+35 
6.57596e+11 9.65354e+29 9.169012630889915e+18 3.927618170810302e+35 
6.89300e+11 9.86486e+29 9.200347127083080e+18 4.116666618396110e+35 
7.22532e+11 1.00860e+30 9.231634381502857e+18 4.314814573010251e+35 
7.57364e+11 1.03181e+30 9.262953169158435e+18 4.522499982950301e+35 
7.93875e+11 1.05620e+30 9.294362043749224e+18 4.740181951549043e+35 
8.32143e+11 1.08190e+30 9.325929445338057e+18 4.968341630425508e+35 
8.72256e+11 1.10901e+30 9.357705277589416e+18 5.207483344184345e+35 
9.14300e+11 1.13765e+30 9.389719775191958e+18 5.458135672827032e+35 
9.58370e+11 1.16794e+30 9.422029159820155e+18 5.720852700954096e+35 
1.00456e+12 1.19999e+30 9.454648863906898e+18 5.996215090078140e+35 
1.05298e+12 1.23395e+30 9.487623753472190e+18 6.284831542432717e+35 
1.10373e+12 1.26996e+30 9.520974822592791e+18 6.587339998315841e+35 
1.15693e+12 1.30816e+30 9.554734156595255e+18 6.904409129244407e+35 
1.21268e+12 1.34871e+30 9.588916193785278e+18 7.236739774055351e+35 
1.27113e+12 1.39177e+30 9.623550060863709e+18 7.585066525551330e+35 
1.33239e+12 1.43751e+30 9.658652642538220e+18 7.950159328409463e+35 
1.39660e+12 1.48614e+30 9.694257159500876e+18 8.332825178281250e+35 
1.46390e+12 1.53783e+30 9.730360098198252e+18 8.733909922871579e+35 
1.53445e+12 1.59281e+30 9.766991539133176e+18 9.154300124247463e+35 
1.60839e+12 1.65128e+30 9.804164126070368e+18 9.594925012409431e+35 
1.68590e+12 1.71350e+30 9.841899951628063e+18 1.005675854666614e+36 
1.76714e+12 1.77969e+30 9.880201299532775e+18 1.054082160945260e+36 
1.85229e+12 1.85016e+30 9.919098851744899e+18 1.104818401734577e+36 
1.94155e+12 1.92514e+30 9.958586547564724e+18 1.157996746355828e+36 
2.03511e+12 2.00498e+30 9.998702835793715e+18 1.213734718287954e+36 
2.13317e+12 2.08995e+30 1.003943375376326e+19 1.272155542969364e+36 
2.23597e+12 2.18042e+30 1.008080640159931e+19 1.333388345706812e+36 
2.34371e+12 2.27672e+30 1.012282389383205e+19 1.397568460627713e+36 
2.45664e+12 2.37925e+30 1.016549953149884e+19 1.464837766544068e+36 
2.57502e+12 2.48840e+30 1.020884342619424e+19 1.535344948362564e+36 
2.69910e+12 2.60462e+30 1.025287224049008e+19 1.609245874822029e+36 
2.82916e+12 2.72834e+30 1.029758826318174e+19 1.686703866499093e+36 
2.96548e+12 2.86003e+30 1.034299998462559e+19 1.767890171551272e+36 
3.10838e+12 3.00023e+30 1.038912056595208e+19 1.852984215344927e+36 
3.25816e+12 3.14944e+30 1.043594997620410e+19 1.942174095565261e+36 
3.41516e+12 3.30826e+30 1.048350281303624e+19 2.035656959924346e+36 
3.57972e+12 3.47730e+30 1.053178955149922e+19 2.133639450344099e+36 
3.75221e+12 3.65716e+30 1.058080461943741e+19 2.236338149182562e+36 
3.93302e+12 3.84856e+30 1.063056517466396e+19 2.343980051170408e+36 
4.12254e+12 4.05224e+30 1.068108491960283e+19 2.456803070401139e+36 
4.32119e+12 4.26891e+30 1.073235736420097e+19 2.575056639790586e+36 
4.52942e+12 4.49943e+30 1.078439773090381e+19 2.699002113604094e+36 
4.74768e+12 4.74464e+30 1.083720877160847e+19 2.828913475044479e+36 
4.97647e+12 5.00548e+30 1.089080491978062e+19 2.965077847265194e+36 
5.21627e+12 5.28289e+30 1.094518383041239e+19 3.107796260618107e+36 
5.46764e+12 5.57791e+30 1.100035513810343e+19 3.257384128623710e+36 
5.73112e+12 5.89172e+30 1.105634176026932e+19 3.414172153367123e+36 
6.00730e+12 6.22536e+30 1.111312881557482e+19 3.578506863408097e+36 
6.29680e+12 6.58016e+30 1.117074209390585e+19 3.750751497374186e+36 
6.60024e+12 6.95748e+30 1.122919358656915e+19 3.931286806307958e+36 
6.91832e+12 7.35869e+30 1.128848903607693e+19 4.120511855910719e+36 
7.25172e+12 7.78531e+30 1.134863978273773e+19 4.318844865753836e+36 
7.60120e+12 8.23896e+30 1.140965926570418e+19 4.526724276906542e+36 
7.96752e+12 8.72141e+30 1.147156932361840e+19 4.744609588792944e+36 
8.35150e+12 9.23453e+30 1.153438587785276e+19 4.972982404325188e+36 
8.75400e+12 9.78029e+30 1.159812654263354e+19 5.212347483319825e+36 
9.17589e+12 1.03608e+31 1.166281081390653e+19 5.463233923437110e+36 
9.61813e+12 1.09785e+31 1.172846985375626e+19 5.726196363147448e+36 
1.00817e+13 1.16358e+31 1.179512251711224e+19 6.001815932425863e+36 
1.05676e+13 1.23354e+31 1.186280624485577e+19 6.290701994654570e+36 
1.10769e+13 1.30802e+31 1.193154313760293e+19 6.593492977898909e+36 
1.16108e+13 1.38734e+31 1.200138311425832e+19 6.910858325153250e+36 
1.21704e+13 1.47183e+31 1.207235380761134e+19 7.243499350883495e+36 
1.27570e+13 1.56188e+31 1.214451135503627e+19 7.592151480646179e+36 
1.33719e+13 1.65787e+31 1.221789140406168e+19 7.957585261223435e+36 
1.40165e+13 1.76024e+31 1.229255563190187e+19 8.340608607457223e+36 
1.46921e+13 1.86948e+31 1.236855642149029e+19 8.742067940289560e+36 
1.54003e+13 1.98610e+31 1.244596280927580e+19 9.162850871853316e+36 
1.61427e+13 2.11067e+31 1.252484167603738e+19 9.603887267048578e+36 
1.69209e+13 2.24379e+31 1.260525620747969e+19 1.006615219923118e+37 
1.77365e+13 2.38615e+31 1.268729733789781e+19 1.055066729686848e+37 
1.85916e+13 2.53850e+31 1.277105280928259e+19 1.105850367759924e+37 
1.94879e+13 2.70162e+31 1.285660483401525e+19 1.159078389334644e+37 
2.04274e+13 2.87640e+31 1.294405215320904e+19 1.214868430219155e+37 
2.14122e+13 3.06380e+31 1.303349859797940e+19 1.273343821814931e+37 
2.24445e+13 3.26486e+31 1.312505343657580e+19 1.334633807803593e+37 
2.35266e+13 3.48075e+31 1.321883066772704e+19 1.398873876230760e+37 
2.46610e+13 3.71273e+31 1.331496043801541e+19 1.466206021842072e+37 
2.58500e+13 3.96217e+31 1.341356862208918e+19 1.536779068189920e+37 
2.70965e+13 4.23058e+31 1.351479241510331e+19 1.610749024298579e+37 
2.84031e+13 4.51957e+31 1.361875917151646e+19 1.688279365879102e+37 
2.97727e+13 4.83099e+31 1.372563930995695e+19 1.769541494326586e+37 
3.12084e+13 5.16683e+31 1.383559029108519e+19 1.854715013468244e+37 
3.27134e+13 5.52916e+31 1.394875618229275e+19 1.943988207483641e+37 
3.42911e+13 5.92044e+31 1.406533341841802e+19 2.037558404843555e+37 
3.59449e+13 6.34318e+31 1.418548435273908e+19 2.135632407553938e+37 
3.76786e+13 6.80031e+31 1.430942651082602e+19 2.238427041641043e+37 
3.94959e+13 7.29487e+31 1.443734184569190e+19 2.346169475881660e+37 
4.14010e+13 7.83029e+31 1.456944630075130e+19 2.459097896567000e+37 
4.33981e+13 8.41044e+31 1.470599092336028e+19 2.577461915481055e+37 
4.54917e+13 9.03941e+31 1.484720585064818e+19 2.701523162383779e+37 
4.76864e+13 9.72189e+31 1.499337664401119e+19 2.831555832079553e+37 
4.99871e+13 1.04630e+32 1.514478296943002e+19 2.967847428343733e+37 
5.23989e+13 1.12684e+32 1.530175713319552e+19 3.110699137636431e+37 
5.49273e+13 1.21447e+32 1.546465086880289e+19 3.260426754523589e+37 
5.75779e+13 1.30989e+32 1.563386393770990e+19 3.417361211923917e+37 
6.03566e+13 1.41391e+32 1.580982770557798e+19 3.581849406122313e+37 
6.32696e+13 1.52746e+32 1.599304874819822e+19 3.754254949645821e+37 
6.63234e+13 1.65157e+32 1.618406187020363e+19 3.934958891122981e+37 
6.95250e+13 1.78742e+32 1.638350723623186e+19 4.124360663254483e+37 
7.28814e+13 1.93637e+32 1.659209392226061e+19 4.322878965633452e+37 
7.64002e+13 2.09996e+32 1.681060018938357e+19 4.530952537924268e+37 
8.00893e+13 2.27998e+32 1.703995478499687e+19 4.749041378819618e+37 
8.39570e+13 2.47844e+32 1.728113845597930e+19 4.977627475626239e+37 
8.80120e+13 2.69774e+32 1.753532212145418e+19 5.217216138270166e+37 
9.22633e+13 2.94052e+32 1.780372485314733e+19 5.468336914221693e+37 
9.67207e+13 3.20981e+32 1.808757188669932e+19 5.731545635712553e+37 
1.01309e+14 4.26401e+32 1.913835763568447e+19 6.002374368694160e+37 
1.06111e+14 5.47502e+32 2.029925999073719e+19 6.285333210159340e+37 
1.11130e+14 7.29286e+32 2.197061348470116e+19 6.580620081285911e+37 
1.16520e+14 8.10549e+32 2.267956346511235e+19 6.897363732967461e+37 
1.22175e+14 8.96980e+32 2.339814003408593e+19 7.229355264270526e+37 
1.28106e+14 9.88685e+32 2.412497303197622e+19 7.577326590882482e+37 
1.34327e+14 1.08592e+33 2.485961606670216e+19 7.942046852507845e+37 
1.40854e+14 1.18916e+33 2.560325758167758e+19 8.324322244347072e+37 
1.47700e+14 1.29926e+33 2.635922427741100e+19 8.724997741593930e+37 
1.54882e+14 1.41757e+33 2.713354793237875e+19 9.144958980925026e+37 
1.62416e+14 1.54613e+33 2.793556388840965e+19 9.585134267915705e+37 
1.70320e+14 1.68790e+33 2.877852352837960e+19 1.004649651540929e+38 
1.78613e+14 1.84702e+33 2.968030625979377e+19 1.053006555448837e+38 
1.87314e+14 2.02914e+33 3.066396216757174e+19 1.103691031688765e+38 
1.96444e+14 2.24178e+33 3.175829329011334e+19 1.156815093022553e+38 
2.06026e+14 2.49469e+33 3.299843263789996e+19 1.212496182367332e+38 
2.16084e+14 2.80031e+33 3.442605371863464e+19 1.270857394664250e+38 
2.26644e+14 3.17402e+33 3.608864767254535e+19 1.332027659759955e+38 
2.37735e+14 3.62650e+33 3.800541768931737e+19 1.396142281170771e+38 
2.49386e+14 4.18176e+33 4.024427756234361e+19 1.463342943256394e+38 
2.61632e+14 4.86756e+33 4.287534544007757e+19 1.533778174568315e+38 
2.74507e+14 5.71514e+33 4.596791603755835e+19 1.607603686833781e+38 
2.88053e+14 6.76012e+33 4.959209755085305e+19 1.684982671591369e+38 
3.02313e+14 8.04258e+33 5.381725096788201e+19 1.766086125924265e+38 
3.17335e+14 9.60705e+33 5.871005653594669e+19 1.851093354726252e+38 
3.33173e+14 1.15021e+34 6.433182245030074e+19 1.940192244692586e+38 
3.49884e+14 1.37799e+34 7.073575917431194e+19 2.033579725578106e+38 
3.67533e+14 1.64951e+34 7.796426927952853e+19 2.131462229683680e+38 
3.86190e+14 1.97042e+34 8.604621967307014e+19 2.234056135338879e+38 
4.05931e+14 2.34635e+34 9.499454517643583e+19 2.341588184740069e+38 
4.26839e+14 2.78285e+34 1.048045318449444e+20 2.454296060252006e+38 
4.49005e+14 3.28510e+34 1.154525365201595e+20 2.572428951006088e+38 
4.72526e+14 3.85781e+34 1.268956075860403e+20 2.696247913232371e+38 
4.97504e+14 4.50500e+34 1.390724282527911e+20 2.826026652427605e+38 
5.24052e+14 5.22990e+34 1.519055802495985e+20 2.962052089680125e+38 
5.52288e+14 6.03488e+34 1.653055063116418e+20 3.104624809630645e+38 
5.82335e+14 6.92160e+34 1.791765138894564e+20 3.254060071922998e+38 
6.14326e+14 7.89130e+34 1.934246614819875e+20 3.410688151852455e+38 
6.48397e+14 8.94539e+34 2.079671334239575e+20 3.574855218628305e+38 
6.84697e+14 1.00863e+35 2.227423118803758e+20 3.746924171192176e+38 
7.23378e+14 1.13187e+35 2.377186940881463e+20 3.927275409796218e+38 
7.64608e+14 1.26504e+35 2.529012779065084e+20 4.116307481179225e+38 
8.08564e+14 1.40935e+35 2.683337386264649e+20 4.314438228250672e+38 
8.55441e+14 1.56655e+35 2.840960530851219e+20 4.522105628693383e+38 
9.05457e+14 1.73893e+35 3.002962732489312e+20 4.739768583546708e+38 
9.58849e+14 1.92936e+35 3.170592444104962e+20 4.967908390969212e+38 
1.01589e+15 2.14118e+35 3.345131467723727e+20 5.207028931055633e+38 
1.07687e+15 2.37815e+35 3.527760029970093e+20 5.457659189402876e+38 
1.14213e+15 2.64433e+35 3.719446911858127e+20 5.720353201520176e+38 
1.21205e+15 2.94398e+35 3.920872558682404e+20 5.995691256481400e+38 
1.28703e+15 3.28147e+35 4.132395372739897e+20 6.284282542441405e+38 
1.36755e+15 3.66120e+35 4.354054828083351e+20 6.586764681071071e+38 
1.45409e+15 4.08757e+35 4.585606096479907e+20 6.903805834356567e+38 
1.54721e+15 4.56503e+35 4.826574103627791e+20 7.236107613395424e+38 
1.64752e+15 5.09803e+35 5.076312216485896e+20 7.584403793578657e+38 
1.75568e+15 5.69111e+35 5.334061739027864e+20 7.949464757920716e+38 
1.87238e+15 6.34892e+35 5.599000448133516e+20 8.332097266896342e+38 
1.99840e+15 7.07625e+35 5.870274568124166e+20 8.733146767045071e+38 
2.13459e+15 7.87804e+35 6.147020751786652e+20 9.153500347004512e+38 
2.28183e+15 8.75933e+35 6.428370432664100e+20 9.594087079375913e+38 
2.44109e+15 9.72520e+35 6.713439621201442e+20 1.005587937387347e+39 
2.61344e+15 1.07806e+36 7.001317491483882e+20 1.053990035877549e+39 
2.79998e+15 1.19303e+36 7.291031362539533e+20 1.104721845934000e+39 
3.00191e+15 1.31781e+36 7.581521282260365e+20 1.157895479607868e+39 
3.22052e+15 1.45270e+36 7.871609261373901e+20 1.213628633469604e+39 
3.45714e+15 1.59784e+36 8.159972167471930e+20 1.272044458561854e+39 
3.71320e+15 1.75315e+36 8.445147955580633e+20 1.333271739196660e+39 
3.99016e+15 1.91837e+36 8.725616006385747e+20 1.397446151515168e+39 
4.28956e+15 2.09309e+36 9.000004091622803e+20 1.464709867878530e+39 
4.61298e+15 2.27713e+36 9.267556547945481e+20 1.535210592186293e+39 
