500
1.65859e+08 3.49014e+25 9.999999999999999e-01 9.993831664573325e+31 
1.71466e+08 3.65087e+25 9.528021281270402e+15 1.033162143827426e+32 
1.77263e+08 3.81882e+25 1.915829932249237e+16 1.068083721644819e+32 
1.83256e+08 3.99430e+25 2.889124689066177e+16 1.104184853582299e+32 
1.89452e+08 4.17773e+25 3.873234406077538e+16 1.141506051743241e+32 
1.95857e+08 4.36945e+25 4.868205672093974e+16 1.180089477733425e+32 
2.02478e+08 4.56994e+25 5.874678386392019e+16 1.219976337893342e+32 
2.09324e+08 4.77959e+25 6.892667543930073e+16 1.261211801968548e+32 
2.16401e+08 4.99873e+25 7.921964877136082e+16 1.303840623445091e+32 
2.23717e+08 5.22724e+25 8.960183796267774e+16 1.347910543060923e+32 
2.31281e+08 5.46710e+25 1.001431142296450e+17 1.393470679290230e+32 
2.39100e+08 5.71711e+25 1.107707190595955e+17 1.440569163190178e+32 
2.47184e+08 5.97879e+25 1.215309882450494e+17 1.489261834668039e+32 
2.55541e+08 6.25186e+25 1.323925954482514e+17 1.539598413083199e+32 
2.64181e+08 6.53781e+25 1.433939288852986e+17 1.591636895903197e+32 
2.73113e+08 6.83679e+25 1.545207941003268e+17 1.645434532486438e+32 
2.82347e+08 7.14848e+25 1.657411746275631e+17 1.701049655588504e+32 
2.91893e+08 7.47484e+25 1.771051160091503e+17 1.758546093087822e+32 
3.01762e+08 7.81600e+25 1.885961372294483e+17 1.817985131642549e+32 
3.11965e+08 8.17243e+25 2.002089364705414e+17 1.879433430866183e+32 
3.22512e+08 8.54513e+25 2.119544195551243e+17 1.942957809089430e+32 
3.33416e+08 8.93409e+25 2.238113968243678e+17 2.008631096856809e+32 
3.44689e+08 9.34101e+25 2.358101032468957e+17 2.076522932239628e+32 
3.56343e+08 9.76685e+25 2.479563127742407e+17 2.146708732737220e+32 
3.68392e+08 1.02104e+26 2.601937555332521e+17 2.219267916026607e+32 
3.80847e+08 1.06750e+26 2.725926787796613e+17 2.294279342376593e+32 
3.93724e+08 1.11599e+26 2.851090899185250e+17 2.371826606715776e+32 
4.07036e+08 1.16672e+26 2.977759521575872e+17 2.451994599895902e+32 
4.20799e+08 1.21973e+26 3.105797399737478e+17 2.534872336710151e+32 
4.35026e+08 1.27504e+26 3.235036043797818e+17 2.620551273869312e+32 
4.49735e+08 1.33290e+26 3.365789630662789e+17 2.709126115304656e+32 
4.64941e+08 1.39346e+26 3.498174276513344e+17 2.800694879956245e+32 
4.80662e+08 1.45667e+26 3.631828915650715e+17 2.895358270852526e+32 
4.96914e+08 1.52257e+26 3.766610197024874e+17 2.993221969228177e+32 
5.13715e+08 1.59172e+26 3.903418363713443e+17 3.094393699009070e+32 
5.31085e+08 1.66368e+26 4.041135523698486e+17 3.198983079810545e+32 
5.49042e+08 1.73905e+26 4.180637336943077e+17 3.307110663884883e+32 
5.67606e+08 1.81778e+26 4.321610790420882e+17 3.418889642076400e+32 
5.86799e+08 1.90012e+26 4.464225537130296e+17 3.534449188739647e+32 
6.06640e+08 1.98591e+26 4.607946296236238e+17 3.653913712091502e+32 
6.27152e+08 2.07561e+26 4.753320327661338e+17 3.777416583676331e+32 
6.48358e+08 2.16953e+26 4.900535220191297e+17 3.905094563174440e+32 
6.70281e+08 2.26752e+26 5.049105678443147e+17 4.037086702477105e+32 
6.92945e+08 2.36972e+26 5.199004792403678e+17 4.173540001573347e+32 
7.16376e+08 2.47687e+26 5.351012788871964e+17 4.314607182310825e+32 
7.40599e+08 2.58862e+26 5.504358795589300e+17 4.460440912901413e+32 
7.65641e+08 2.70558e+26 5.659617421353947e+17 4.611204504544684e+32 
7.91530e+08 2.82740e+26 5.816031240678862e+17 4.767064027214008e+32 
8.18295e+08 2.95471e+26 5.974133546681096e+17 4.928191455214603e+32 
8.45965e+08 3.08803e+26 6.134293042186683e+17 5.094764425331161e+32 
8.74570e+08 3.22710e+26 6.295902362717836e+17 5.266967442597111e+32 
9.04143e+08 3.37234e+26 6.459148839862708e+17 5.444991452509045e+32 
9.34717e+08 3.52408e+26 6.624129179285783e+17 5.629034064300031e+32 
9.66323e+08 3.68271e+26 6.790959798186749e+17 5.819295149004650e+32 
9.98999e+08 3.84834e+26 6.959456011006132e+17 6.015988095472521e+32 
1.03278e+09 4.02128e+26 7.129622303513464e+17 6.219329359533788e+32 
1.06770e+09 4.20179e+26 7.301434203989824e+17 6.429543232073514e+32 
1.10381e+09 4.39120e+26 7.475820647487162e+17 6.646862864988604e+32 
1.14113e+09 4.58822e+26 7.651278023365044e+17 6.871526514657568e+32 
1.17972e+09 4.79393e+26 7.828474257123348e+17 7.103785476202109e+32 
1.21962e+09 5.00924e+26 8.007882881477280e+17 7.343894716490697e+32 
1.26086e+09 5.23392e+26 8.188966557743177e+17 7.592118630730192e+32 
1.30350e+09 5.46855e+26 8.371887012301952e+17 7.848733918929136e+32 
1.34757e+09 5.71365e+26 8.556718141136020e+17 8.114021300794403e+32 
1.39314e+09 5.97030e+26 8.743932957069984e+17 8.388276353969836e+32 
1.44026e+09 6.23796e+26 8.932784332869856e+17 8.671801103870133e+32 
1.48896e+09 6.51713e+26 9.123311313577015e+17 8.964909038653377e+32 
1.53931e+09 6.80869e+26 9.315790256634993e+17 9.267923503415096e+32 
1.59137e+09 7.11410e+26 9.510813777074861e+17 9.581180622038893e+32 
1.64518e+09 7.43229e+26 9.707354028901862e+17 9.905024681327744e+32 
1.70082e+09 7.76475e+26 9.905981809227468e+17 1.023981653619288e+33 
1.75834e+09 8.11204e+26 1.010668981483888e+18 1.058592261362814e+33 
1.81780e+09 8.47440e+26 1.030925348651181e+18 1.094372645135504e+33 
1.87928e+09 8.85264e+26 1.051377668339082e+18 1.131362782528013e+33 
1.94283e+09 9.24761e+26 1.072035438964055e+18 1.169601945251573e+33 
2.00853e+09 9.66100e+26 1.092949446039540e+18 1.209135766311650e+33 
2.07646e+09 1.00920e+27 1.114043079230099e+18 1.250004968471542e+33 
2.14668e+09 1.05428e+27 1.135382302781471e+18 1.292254815681864e+33 
2.21928e+09 1.10133e+27 1.156921811762427e+18 1.335933176422806e+33 
2.29433e+09 1.15050e+27 1.178697630770017e+18 1.381088094085142e+33 
2.37193e+09 1.20176e+27 1.200660291961550e+18 1.427768234365857e+33 
2.45214e+09 1.25521e+27 1.222808825167665e+18 1.476027519583221e+33 
2.53508e+09 1.31124e+27 1.245264887098733e+18 1.525917768784788e+33 
2.62081e+09 1.36960e+27 1.267892122515399e+18 1.577494424097722e+33 
2.70945e+09 1.43057e+27 1.290757076418512e+18 1.630813155538351e+33 
2.80108e+09 1.49422e+27 1.313845263019113e+18 1.685934812725077e+33 
2.89582e+09 1.56071e+27 1.337176614703629e+18 1.742919991966744e+33 
2.99376e+09 1.63018e+27 1.360755669147302e+18 1.801830657883934e+33 
3.09501e+09 1.70250e+27 1.384496108159399e+18 1.862733023062000e+33 
3.19969e+09 1.77825e+27 1.408552074530963e+18 1.925693058153937e+33 
3.30791e+09 1.85737e+27 1.432854967469390e+18 1.990782681453859e+33 
3.41978e+09 1.93974e+27 1.457328405342476e+18 2.058070506974277e+33 
3.53545e+09 2.02590e+27 1.482087749558321e+18 2.127634320600966e+33 
3.65502e+09 2.11569e+27 1.507048511899130e+18 2.199547612465517e+33 
3.77864e+09 2.20967e+27 1.532318428023071e+18 2.273892972210414e+33 
3.90645e+09 2.30756e+27 1.557779179349369e+18 2.350750402308855e+33 
4.03858e+09 2.41007e+27 1.583568192752090e+18 2.430206410816351e+33 
4.17517e+09 2.51679e+27 1.609540273486860e+18 2.512348666197402e+33 
4.31639e+09 2.62833e+27 1.635794518160422e+18 2.597265223472992e+33 
4.46239e+09 2.74473e+27 1.662295822656873e+18 2.685053709654030e+33 
4.61332e+09 2.86622e+27 1.689052902617933e+18 2.775807964129232e+33 
4.76936e+09 2.99297e+27 1.716052236125156e+18 2.869630615303184e+33 
4.93068e+09 3.12549e+27 1.743359185482440e+18 2.966624893150833e+33 
5.09746e+09 3.26364e+27 1.770894814237985e+18 3.066897552324872e+33 
5.26988e+09 3.40807e+27 1.798737628056664e+18 3.170559173996972e+33 
5.44813e+09 3.55863e+27 1.826814203586300e+18 3.277724065452221e+33 
5.63242e+09 3.71577e+27 1.855158916972004e+18 3.388511455744951e+33 
5.82294e+09 3.87971e+27 1.883762853718625e+18 3.503043373435216e+33 
6.01990e+09 4.05129e+27 1.912719141662191e+18 3.621447130821668e+33 
6.22353e+09 4.22980e+27 1.941859199537284e+18 3.743853184859208e+33 
6.43405e+09 4.41654e+27 1.971344491657094e+18 3.870395648474355e+33 
6.65169e+09 4.61094e+27 2.001036281851417e+18 4.001215380799703e+33 
6.87670e+09 4.81443e+27 2.031097877352105e+18 4.136457070243093e+33 
7.10932e+09 5.02653e+27 2.061406593459319e+18 4.276269673913628e+33 
7.34980e+09 5.24792e+27 2.092007169680526e+18 4.420808376255566e+33 
7.59843e+09 5.47902e+27 2.122904110433845e+18 4.570231794486600e+33 
7.85547e+09 5.72043e+27 2.154124609340089e+18 4.724706480377741e+33 
8.12120e+09 5.97166e+27 2.185549735354142e+18 4.884402341878942e+33 
8.39593e+09 6.23418e+27 2.217313757419143e+18 5.049495967311601e+33 
8.67995e+09 6.50855e+27 2.249424738913428e+18 5.220168911916163e+33 
8.97359e+09 6.79439e+27 2.281783418018297e+18 5.396611466471541e+33 
9.27716e+09 7.09226e+27 2.314399806322747e+18 5.579017920737717e+33 
9.59100e+09 7.40355e+27 2.347369396401182e+18 5.767590720679728e+33 
9.91546e+09 7.72892e+27 2.380703390524230e+18 5.962534874397551e+33 
1.02509e+10 8.06807e+27 2.414311412371350e+18 6.164069520665110e+33 
1.05977e+10 8.42145e+27 2.448183575692602e+18 6.372416533965887e+33 
1.09562e+10 8.79040e+27 2.482390643250573e+18 6.587804852849724e+33 
1.13269e+10 9.17563e+27 2.516937580691609e+18 6.810473440088093e+33 
1.17101e+10 9.57731e+27 2.551781516411915e+18 7.040668839113802e+33 
1.21063e+10 9.99626e+27 2.586932973128433e+18 7.278643955247788e+33 
1.25158e+10 1.04335e+28 2.622420006553604e+18 7.524662960321784e+33 
1.29393e+10 1.08899e+28 2.658244544212708e+18 7.778998355226861e+33 
1.33770e+10 1.13661e+28 2.694409388838516e+18 8.041930069326873e+33 
1.38296e+10 1.18632e+28 2.730916140626767e+18 8.313747432023078e+33 
1.42975e+10 1.23810e+28 2.767704094806108e+18 8.594753580147049e+33 
1.47813e+10 1.29207e+28 2.804786329792204e+18 8.885258423852869e+33 
1.52814e+10 1.34852e+28 2.842309292973684e+18 9.185581066994141e+33 
1.57984e+10 1.40734e+28 2.880123006767197e+18 9.496054745414781e+33 
1.63329e+10 1.46855e+28 2.918188079863942e+18 9.817023144627946e+33 
1.68855e+10 1.53268e+28 2.956765419071507e+18 1.014884057598554e+34 
1.74569e+10 1.59924e+28 2.995493652191352e+18 1.049186805359828e+34 
1.80475e+10 1.66892e+28 3.034707282411505e+18 1.084650071404911e+34 
1.86582e+10 1.74162e+28 3.074276913810815e+18 1.121312252597367e+34 
1.92895e+10 1.81724e+28 3.114097680073262e+18 1.159210936857042e+34 
1.99422e+10 1.89618e+28 3.154301089511056e+18 1.198394210523825e+34 
2.06169e+10 1.97869e+28 3.194943308106482e+18 1.238899021157925e+34 
2.13146e+10 2.06450e+28 3.235832606752816e+18 1.280774414751655e+34 
2.20358e+10 2.15407e+28 3.277115399514628e+18 1.324064058917069e+34 
2.27814e+10 2.24755e+28 3.318786897046174e+18 1.368818363419373e+34 
2.35523e+10 2.34495e+28 3.360787703884811e+18 1.415083680877121e+34 
2.43493e+10 2.44666e+28 3.403207821483522e+18 1.462915057672803e+34 
2.51732e+10 2.55246e+28 3.445893062368695e+18 1.512361811056277e+34 
2.60251e+10 2.66314e+28 3.489081253561232e+18 1.563479214181167e+34 
2.69058e+10 2.77833e+28 3.532561010528396e+18 1.616325666882672e+34 
2.78162e+10 2.89833e+28 3.576371444557048e+18 1.670957431134484e+34 
2.87576e+10 3.02354e+28 3.620587774781333e+18 1.727436401804263e+34 
2.97307e+10 3.15409e+28 3.665178400154949e+18 1.785824335020144e+34 
3.07368e+10 3.29027e+28 3.710169447891430e+18 1.846185034637168e+34 
3.17770e+10 3.43241e+28 3.755592857274473e+18 1.908586261800385e+34 
3.28524e+10 3.58040e+28 3.801338231602948e+18 1.973096979966888e+34 
3.39642e+10 3.73437e+28 3.847373978196363e+18 2.039787902777454e+34 
3.51136e+10 3.89543e+28 3.893948999700200e+18 2.108733767672516e+34 
3.63020e+10 4.06290e+28 3.940795980961461e+18 2.180008840253727e+34 
3.75305e+10 4.23762e+28 3.988068929823253e+18 2.253693268047347e+34 
3.88007e+10 4.41982e+28 4.035750934156965e+18 2.329868184216764e+34 
4.01139e+10 4.60986e+28 4.083857534014507e+18 2.408618327836319e+34 
4.14715e+10 4.80761e+28 4.132275475735983e+18 2.490030774834627e+34 
4.28751e+10 5.01406e+28 4.181167068577347e+18 2.574193921557450e+34 
4.43262e+10 5.22906e+28 4.230416573416560e+18 2.661202477590339e+34 
4.58265e+10 5.45325e+28 4.280091228731359e+18 2.751151880359477e+34 
4.73775e+10 5.68663e+28 4.330107864280826e+18 2.844140753888852e+34 
4.89811e+10 5.93011e+28 4.380580346032310e+18 2.940274433674759e+34 
5.06389e+10 6.18388e+28 4.431461941833805e+18 3.039655213612966e+34 
5.23529e+10 6.44791e+28 4.482667514496936e+18 3.142396819600420e+34 
5.41249e+10 6.72364e+28 4.534391307616214e+18 3.248609622309212e+34 
5.59569e+10 7.01036e+28 4.586415602365363e+18 3.358414081963103e+34 
5.78509e+10 7.30967e+28 4.638943926447281e+18 3.471928940578942e+34 
5.98091e+10 7.62119e+28 4.691826492172235e+18 3.589280576234812e+34 
6.18336e+10 7.94599e+28 4.745156571756818e+18 3.710600178190460e+34 
6.39267e+10 8.28405e+28 4.798846579111645e+18 3.836018872537377e+34 
6.60906e+10 8.63605e+28 4.852920475933538e+18 3.965676111769384e+34 
6.83276e+10 8.99247e+28 4.905886855839696e+18 4.099706350509491e+34 
7.06399e+10 9.33565e+28 4.955207315476894e+18 4.238238985878612e+34 
7.30311e+10 9.73275e+28 5.010398521861114e+18 4.381495346956731e+34 
7.55033e+10 1.01458e+29 5.065938156293494e+18 4.529590466502284e+34 
7.80593e+10 1.05742e+29 5.121653927577989e+18 4.682692253781957e+34 
8.07017e+10 1.10222e+29 5.178007762383877e+18 4.840967721395920e+34 
8.34337e+10 1.14870e+29 5.234564713911291e+18 5.004593582544433e+34 
8.62582e+10 1.19726e+29 5.291716005784941e+18 5.173749872091765e+34 
8.91784e+10 1.24771e+29 5.349136731117983e+18 5.348624508428314e+34 
9.21974e+10 1.30030e+29 5.407045080192702e+18 5.529409088030937e+34 
9.53187e+10 1.35506e+29 5.465360089141894e+18 5.716305624688036e+34 
9.85457e+10 1.41211e+29 5.524131374511224e+18 5.909516646327819e+34 
1.01882e+11 1.47145e+29 5.583255832552824e+18 6.109260976689767e+34 
1.05331e+11 1.53334e+29 5.642899174813600e+18 6.315756321205418e+34 
1.08897e+11 1.59760e+29 5.702798661618119e+18 6.529230507987065e+34 
1.12584e+11 1.66478e+29 5.763361980560818e+18 6.749919523203698e+34 
1.16396e+11 1.73430e+29 5.823989955785594e+18 6.978069119202169e+34 
1.20337e+11 1.80700e+29 5.885308027176712e+18 7.213929726859936e+34 
1.24411e+11 1.88262e+29 5.947006743873631e+18 7.457763361014163e+34 
1.28624e+11 1.96132e+29 6.009109174614984e+18 7.709837130601120e+34 
1.32979e+11 2.04314e+29 6.071565482371170e+18 7.970432360853699e+34 
1.37481e+11 2.12832e+29 6.134445135596834e+18 8.239834968098838e+34 
1.42136e+11 2.21701e+29 6.197783371963587e+18 8.518344915091655e+34 
1.46949e+11 2.30941e+29 6.261600019303502e+18 8.806267409979192e+34 
1.51925e+11 2.40533e+29 6.325679650767875e+18 9.103922603505520e+34 
1.57069e+11 2.50542e+29 6.390356820202871e+18 9.411637188153204e+34 
1.62388e+11 2.60927e+29 6.455259738491803e+18 9.729754523581538e+34 
1.67887e+11 2.71773e+29 6.520825205686328e+18 1.005862235928013e+35 
1.73572e+11 2.83004e+29 6.586495906719764e+18 1.039860338015451e+35 
1.79449e+11 2.94734e+29 6.652835900747686e+18 1.075008869071822e+35 
1.85526e+11 3.06919e+29 6.719487523290506e+18 1.111344468804499e+35 
1.91809e+11 3.19591e+29 6.786535809474558e+18 1.148907986938092e+35 
1.98304e+11 3.32787e+29 6.854067889933158e+18 1.187741436547667e+35 
2.05020e+11 3.46502e+29 6.921957203386032e+18 1.227887238879607e+35 
2.11963e+11 3.60773e+29 6.990280426410832e+18 1.269391170070823e+35 
2.19141e+11 3.75638e+29 7.059119132809164e+18 1.312296288085104e+35 
2.26562e+11 3.91040e+29 7.128103709937891e+18 1.356652350373346e+35 
2.34235e+11 4.07102e+29 7.197690887095785e+18 1.402507724446439e+35 
2.42168e+11 4.23792e+29 7.267625925715368e+18 1.449912897980489e+35 
2.50370e+11 4.41149e+29 7.337974024960305e+18 1.498921547046687e+35 
2.58849e+11 4.59209e+29 7.408771228515708e+18 1.549584786932416e+35 
2.67616e+11 4.77950e+29 7.479832053875366e+18 1.601961835379813e+35 
2.76680e+11 4.97443e+29 7.551321232120496e+18 1.656107989443885e+35 
2.86051e+11 5.17723e+29 7.623258964209885e+18 1.712085129370393e+35 
2.95740e+11 5.38835e+29 7.695695502635816e+18 1.769955241650110e+35 
3.05756e+11 5.60746e+29 7.768406107119224e+18 1.829779957609355e+35 
3.16113e+11 5.83501e+29 7.841446234605954e+18 1.891627340198868e+35 
3.26820e+11 6.07140e+29 7.914834830563619e+18 1.955565192050445e+35 
3.37890e+11 6.31782e+29 7.988830422307360e+18 2.021664279080762e+35 
3.49335e+11 6.57321e+29 8.063007963453641e+18 2.089997604082490e+35 
3.61168e+11 6.83886e+29 8.137635045573382e+18 2.160640390055216e+35 
3.73401e+11 7.11522e+29 8.212725466067169e+18 2.233671112947434e+35 
3.86050e+11 7.40159e+29 8.287987869916183e+18 2.309170457196379e+35 
3.99127e+11 7.69962e+29 8.363743541454662e+18 2.387220952405700e+35 
4.12647e+11 8.01005e+29 8.440068713950194e+18 2.467910880004361e+35 
4.26626e+11 8.32768e+29 8.515610975970047e+18 2.551327424888260e+35 
4.41078e+11 8.63790e+29 8.583043712170169e+18 2.637575015902242e+35 
4.56019e+11 8.60855e+29 8.576519153595448e+18 2.726728424045470e+35 
4.71466e+11 8.76361e+29 8.611055442233828e+18 2.818895090577316e+35 
4.87436e+11 8.89491e+29 8.638393311378135e+18 2.914180912891334e+35 
5.03947e+11 9.02911e+29 8.665417834925795e+18 3.012687389793899e+35 
5.21016e+11 9.15578e+29 8.690092232541354e+18 3.114524236108319e+35 
5.38662e+11 9.29081e+29 8.715530765451913e+18 3.219801726195082e+35 
5.56905e+11 9.42741e+29 8.740423898794275e+18 3.328639326425183e+35 
5.75765e+11 9.56749e+29 8.765115110632691e+18 3.441154723053234e+35 
5.95264e+11 9.70761e+29 8.789004316713199e+18 3.557473665948901e+35 
6.15422e+11 9.85721e+29 8.813676750250733e+18 3.677724277868560e+35 
6.36262e+11 1.00055e+30 8.837325202124235e+18 3.802040664364204e+35 
6.57807e+11 1.01642e+30 8.861823160070584e+18 3.930557918548182e+35 
6.80081e+11 1.03230e+30 8.885520042232507e+18 4.063418544371219e+35 
7.03108e+11 1.04951e+30 8.910362952736607e+18 4.200770323764724e+35 
7.26914e+11 1.06634e+30 8.933860644027594e+18 4.342766035376307e+35 
7.51526e+11 1.08486e+30 8.958885240947955e+18 4.489559781676035e+35 
7.76970e+11 1.10366e+30 8.983436711529521e+18 4.641315633691102e+35 
8.03275e+11 1.12293e+30 9.007800669250048e+18 4.798200939497773e+35 
8.30470e+11 1.14341e+30 9.032826933223278e+18 4.960390345165130e+35 
8.58585e+11 1.16480e+30 9.058123556181835e+18 5.128059911654341e+35 
8.87651e+11 1.18645e+30 9.082879165752599e+18 5.301397532391875e+35 
9.17700e+11 1.21014e+30 9.109089987685017e+18 5.480594387636351e+35 
9.48766e+11 1.23350e+30 9.134087080955260e+18 5.665848252016116e+35 
9.80882e+11 1.25908e+30 9.160558546000260e+18 5.857362850199326e+35 
1.01409e+12 1.28563e+30 9.187143631409727e+18 6.055351691261573e+35 
1.04841e+12 1.31323e+30 9.213864178109699e+18 6.260032742408745e+35 
1.08390e+12 1.34208e+30 9.240889946610958e+18 6.471631881475801e+35 
1.12059e+12 1.37205e+30 9.268049372381876e+18 6.690382567387955e+35 
1.15852e+12 1.40342e+30 9.295541522970681e+18 6.916527994309964e+35 
1.19773e+12 1.43649e+30 9.323577046043191e+18 7.150316584097378e+35 
1.23827e+12 1.47117e+30 9.352007346944000e+18 7.392008026026091e+35 
1.28018e+12 1.50742e+30 9.380760085300148e+18 7.641867706825320e+35 
1.32351e+12 1.54545e+30 9.409941663486978e+18 7.900174105924462e+35 
1.36831e+12 1.58514e+30 9.439391663278717e+18 8.167211140889769e+35 
1.41462e+12 1.62699e+30 9.469432249619321e+18 8.443272914862451e+35 
1.46250e+12 1.67029e+30 9.499495451033938e+18 8.728667412329294e+35 
1.51199e+12 1.71626e+30 9.530366910153312e+18 9.023707881988998e+35 
1.56317e+12 1.76430e+30 9.561573550120835e+18 9.328719846655077e+35 
1.61607e+12 1.81448e+30 9.593098807114181e+18 9.644042186938899e+35 
1.67077e+12 1.86793e+30 9.625588087884704e+18 9.970021404307414e+35 
1.72731e+12 1.92293e+30 9.657917509067674e+18 1.030701776441247e+36 
1.78577e+12 1.98127e+30 9.691094764434119e+18 1.065541189296192e+36 
1.84621e+12 2.04178e+30 9.724372353300074e+18 1.101557639914567e+36 
1.90869e+12 2.10637e+30 9.758735442843113e+18 1.138790521044029e+36 
1.97328e+12 2.17264e+30 9.792842517900886e+18 1.177283321255051e+36 
2.04007e+12 2.24327e+30 9.827994492449532e+18 1.217077032961329e+36 
2.10911e+12 2.31707e+30 9.863524412540340e+18 1.258215609335574e+36 
2.18049e+12 2.39479e+30 9.899720956435173e+18 1.300743616642020e+36 
2.25428e+12 2.47636e+30 9.936464966310982e+18 1.344710217100748e+36 
2.33057e+12 2.56136e+30 9.973499832152955e+18 1.390163675176527e+36 
2.40944e+12 2.65082e+30 1.001120132688611e+19 1.437151613474949e+36 
2.49099e+12 2.74518e+30 1.004966649369623e+19 1.485729807505195e+36 
2.57529e+12 2.84406e+30 1.008865639466603e+19 1.535948033002664e+36 
2.66245e+12 2.94766e+30 1.012816931698693e+19 1.587864585765406e+36 
2.75255e+12 3.05622e+30 1.016821822564347e+19 1.641535486497238e+36 
2.84571e+12 3.16990e+30 1.020878179318802e+19 1.697020370786099e+36 
2.94202e+12 3.28982e+30 1.025017203437149e+19 1.754381804470967e+36 
3.04159e+12 3.41584e+30 1.029224473428905e+19 1.813680887091662e+36 
3.14452e+12 3.54701e+30 1.033460182073164e+19 1.874984771367087e+36 
3.25095e+12 3.68567e+30 1.037790991024136e+19 1.938360700455009e+36 
3.36097e+12 3.83095e+30 1.042180248899660e+19 2.003879199521482e+36 
3.47472e+12 3.98306e+30 1.046625200591677e+19 2.071611722796987e+36 
3.59233e+12 4.14371e+30 1.051166033135996e+19 2.141634349400388e+36 
3.71391e+12 4.31133e+30 1.055748758700670e+19 2.214022503456990e+36 
3.83961e+12 4.48702e+30 1.060395148771384e+19 2.288857749664096e+36 
3.96956e+12 4.67213e+30 1.065129651889460e+19 2.366223284666161e+36 
4.10391e+12 4.86609e+30 1.069928602004125e+19 2.446203314095457e+36 
4.24282e+12 5.06964e+30 1.074799698939668e+19 2.528886946316423e+36 
4.38642e+12 5.28349e+30 1.079749765014692e+19 2.614364317302879e+36 
4.53489e+12 5.50727e+30 1.084760119675299e+19 2.702731904249083e+36 
4.68838e+12 5.74250e+30 1.089854307164648e+19 2.794085890159860e+36 
4.84707e+12 5.98936e+30 1.095025270776557e+19 2.888526859521658e+36 
5.01113e+12 6.24803e+30 1.100265919556062e+19 2.986161527852136e+36 
5.18075e+12 6.51906e+30 1.105577543238988e+19 3.087095979132882e+36 
5.35612e+12 6.80427e+30 1.110983709835329e+19 3.191441199532627e+36 
5.53742e+12 7.10276e+30 1.116456242545910e+19 3.299314261589383e+36 
5.72486e+12 7.41631e+30 1.122016792663424e+19 3.410831481731952e+36 
5.91865e+12 7.74482e+30 1.127651915001238e+19 3.526120293205604e+36 
6.11900e+12 8.08922e+30 1.133365774865039e+19 3.645304701433533e+36 
6.32613e+12 8.45075e+30 1.139167526756342e+19 3.768518724048636e+36 
6.54029e+12 8.82985e+30 1.145051820813739e+19 3.895897347070255e+36 
6.76169e+12 9.22750e+30 1.151021839579931e+19 4.027578991152778e+36 
6.99059e+12 9.64386e+30 1.157068061850922e+19 4.163713604343359e+36 
7.22725e+12 1.00806e+31 1.163202806057153e+19 4.304450358556362e+36 
7.47192e+12 1.05383e+31 1.169420693550914e+19 4.449942140255186e+36 
7.72488e+12 1.10187e+31 1.175733453183369e+19 4.600352617264772e+36 
7.98641e+12 1.15219e+31 1.182128609025212e+19 4.755846919546193e+36 
8.25680e+12 1.20490e+31 1.188609271246761e+19 4.916597189250681e+36 
8.53635e+12 1.26013e+31 1.195176910115176e+19 5.082779995618183e+36 
8.82536e+12 1.31806e+31 1.201839746281210e+19 5.254579564731101e+36 
9.12417e+12 1.37874e+31 1.208589783509489e+19 5.432187472047775e+36 
9.43310e+12 1.44239e+31 1.215437893432028e+19 5.615797992966317e+36 
9.75250e+12 1.50903e+31 1.222374028325148e+19 5.805614853837019e+36 
1.00827e+13 1.57884e+31 1.229401138348778e+19 6.001846195915877e+36 
1.04241e+13 1.65198e+31 1.236521815153410e+19 6.204711307163579e+36 
1.07771e+13 1.72858e+31 1.243735290103564e+19 6.414433267717942e+36 
1.11420e+13 1.80882e+31 1.251044548881868e+19 6.631243603608781e+36 
1.15193e+13 1.89292e+31 1.258453516670795e+19 6.855382942551553e+36 
1.19094e+13 1.98097e+31 1.265956566313584e+19 7.087097302335132e+36 
1.23127e+13 2.07316e+31 1.273554762461328e+19 7.326643816186831e+36 
1.27297e+13 2.16974e+31 1.281254097935412e+19 7.574287601195998e+36 
1.31608e+13 2.27081e+31 1.289046908393940e+19 7.830301745669805e+36 
1.36065e+13 2.37668e+31 1.296942743285216e+19 8.094968592154391e+36 
1.40673e+13 2.48756e+31 1.304940706007552e+19 8.368581622867940e+36 
1.45438e+13 2.60359e+31 1.313036432590753e+19 8.651443149662454e+36 
1.50364e+13 2.72508e+31 1.321234829983055e+19 8.943865047437578e+36 
1.55456e+13 2.85230e+31 1.329538241481979e+19 9.246170747602268e+36 
1.60722e+13 2.98543e+31 1.337942369077184e+19 9.558695512425414e+36 
1.66166e+13 3.12483e+31 1.346454293559209e+19 9.881783672649369e+36 
1.71794e+13 3.27073e+31 1.355070685873058e+19 1.021579087027645e+37 
1.77614e+13 3.42346e+31 1.363794775162183e+19 1.056108354664860e+37 
1.83630e+13 3.58332e+31 1.372626816586958e+19 1.091806086299874e+37 
1.89851e+13 3.75064e+31 1.381567893973578e+19 1.128709755621128e+37 
1.96282e+13 3.92578e+31 1.390619836964915e+19 1.166860664925789e+37 
2.02932e+13 4.10898e+31 1.399777929312011e+19 1.206299755560634e+37 
2.09807e+13 4.30096e+31 1.409060179743806e+19 1.247072924953854e+37 
2.16915e+13 4.50179e+31 1.418452020000594e+19 1.289224308379536e+37 
2.24264e+13 4.71205e+31 1.427961947471600e+19 1.332801598948757e+37 
2.31862e+13 4.93206e+31 1.437587004590499e+19 1.377851000228315e+37 
2.39718e+13 5.16255e+31 1.447339314502164e+19 1.424422137137701e+37 
2.47841e+13 5.40376e+31 1.457210944108959e+19 1.472568071182698e+37 
2.56239e+13 5.65628e+31 1.467206239973686e+19 1.522341292950325e+37 
2.64921e+13 5.92076e+31 1.477331136158025e+19 1.573797807237594e+37 
2.73899e+13 6.19771e+31 1.487585865098304e+19 1.626992885785711e+37 
2.83180e+13 6.48779e+31 1.497974734627700e+19 1.681985825387841e+37 
2.92777e+13 6.79177e+31 1.508503686886007e+19 1.738836720244746e+37 
3.02699e+13 7.11005e+31 1.519166658464514e+19 1.797610231428402e+37 
3.12958e+13 7.44367e+31 1.529976646372375e+19 1.858369973854195e+37 
3.23564e+13 7.79341e+31 1.540937104828777e+19 1.921183484461564e+37 
3.34531e+13 8.15993e+31 1.552046891768152e+19 1.986120413928145e+37 
3.45870e+13 8.54442e+31 1.563318361118411e+19 2.053253012879841e+37 
3.57593e+13 8.94786e+31 1.574757398186578e+19 2.122653516568063e+37 
3.69714e+13 9.37112e+31 1.586364422364004e+19 2.194399346095901e+37 
3.82247e+13 9.81520e+31 1.598142907196933e+19 2.268571104709462e+37 
3.95205e+13 1.02819e+32 1.610114758785032e+19 2.345250172565674e+37 
4.08603e+13 1.07723e+32 1.622281182967675e+19 2.424521134732878e+37 
4.22455e+13 1.12874e+32 1.634643602810654e+19 2.506471280485459e+37 
4.36778e+13 1.18293e+32 1.647218396293707e+19 2.591191091298454e+37 
4.51587e+13 1.23998e+32 1.660024869721573e+19 2.678774667287140e+37 
4.66898e+13 1.30001e+32 1.673056946778603e+19 2.769318898272644e+37 
4.82730e+13 1.36333e+32 1.686350022976091e+19 2.862923147962591e+37 
4.99099e+13 1.43008e+32 1.699904895825432e+19 2.959692434669572e+37 
5.16024e+13 1.50051e+32 1.713738556399596e+19 3.059732915531040e+37 
5.33524e+13 1.57494e+32 1.727875034699479e+19 3.163152900412556e+37 
5.51618e+13 1.65360e+32 1.742325662472648e+19 3.270070908653927e+37 
5.70327e+13 1.73688e+32 1.757122116283498e+19 3.380601365519988e+37 
5.89671e+13 1.82510e+32 1.772280629374834e+19 3.494869414763501e+37 
6.09673e+13 1.91869e+32 1.787834468844389e+19 3.612999634241993e+37 
6.30355e+13 2.01808e+32 1.803808709460510e+19 3.735122790383952e+37 
6.51740e+13 2.12378e+32 1.820238782351852e+19 3.861375613066081e+37 
6.73851e+13 2.23627e+32 1.837148846952193e+19 3.991895588734664e+37 
6.96715e+13 2.35615e+32 1.854577274650504e+19 4.126827293441675e+37 
7.20356e+13 2.48421e+32 1.872585302751840e+19 4.266322117289864e+37 
7.44802e+13 2.61116e+32 1.887774759656809e+19 4.410641132776629e+37 
7.70110e+13 2.60654e+32 1.887174549971487e+19 4.559927958050710e+37 
7.96290e+13 2.53575e+32 1.879009690983391e+19 4.714323017637068e+37 
8.23315e+13 2.61666e+32 1.888455454668221e+19 4.873774519067275e+37 
8.51243e+13 2.75761e+32 1.905228047208462e+19 5.038506201765718e+37 
8.80122e+13 2.90650e+32 1.922347668830990e+19 5.208808443721301e+37 
9.09982e+13 3.06639e+32 1.940158657784065e+19 5.384864519832745e+37 
9.40858e+13 3.23838e+32 1.958670418436495e+19 5.566875377385492e+37 
9.72785e+13 3.42371e+32 1.977948854235630e+19 5.755037283188148e+37 
1.00580e+14 3.62375e+32 1.998101695780639e+19 5.949557445512932e+37 
1.03993e+14 3.84001e+32 2.019158930122193e+19 6.150652452928487e+37 
1.07523e+14 4.07418e+32 2.041197006191702e+19 6.358546093436957e+37 
1.11173e+14 4.32814e+32 2.064315045393202e+19 6.573465909050996e+37 
1.14948e+14 4.60398e+32 2.088613050723433e+19 6.795649781138281e+37 
1.18851e+14 4.90401e+32 2.114176412925068e+19 7.025340278943438e+37 
1.22887e+14 5.23083e+32 2.141090596201744e+19 7.262798959090139e+37 
1.27061e+14 5.58727e+32 2.169463367627148e+19 7.508282454387054e+37 
1.31377e+14 5.97653e+32 2.199430503117083e+19 7.762064465553239e+37 
1.35841e+14 6.40213e+32 2.231116095062748e+19 8.024423460586583e+37 
1.40458e+14 6.86796e+32 2.264655340949837e+19 8.295649524327711e+37 
1.45232e+14 7.37838e+32 2.300189610405389e+19 8.576042288058626e+37 
1.50169e+14 7.93817e+32 2.337873327517630e+19 8.865913606809779e+37 
1.55276e+14 8.55267e+32 2.377870937797725e+19 9.165581245428340e+37 
1.60558e+14 9.22777e+32 2.420341178714890e+19 9.475380715664299e+37 
1.66021e+14 9.97000e+32 2.465515178458325e+19 9.795647836335326e+37 
1.71671e+14 1.07866e+33 2.513529676633337e+19 1.012674117115187e+38 
1.77516e+14 1.16855e+33 2.564644030910412e+19 1.046902702949812e+38 
1.83562e+14 1.26757e+33 2.619080888399801e+19 1.082288488554786e+38 
1.89816e+14 1.37670e+33 2.677065560791308e+19 1.118870707853099e+38 
1.96286e+14 1.49522e+33 2.737952861551594e+19 1.156688387276934e+38 
2.02979e+14 1.62391e+33 2.801873512908736e+19 1.195783711718964e+38 
2.09903e+14 1.76501e+33 2.869601424390665e+19 1.236200188232872e+38 
2.17067e+14 1.92025e+33 2.941610645361961e+19 1.277985033239627e+38 
2.24480e+14 2.09138e+33 3.018335589535698e+19 1.321181474749765e+38 
2.32149e+14 2.28027e+33 3.100188495168175e+19 1.365836782239186e+38 
2.40085e+14 2.48897e+33 3.187589728897930e+19 1.412003102854971e+38 
2.48298e+14 2.71969e+33 3.280963989692317e+19 1.459728688636578e+38 
2.56798e+14 2.97488e+33 3.380744211704030e+19 1.509067811022443e+38 
2.65595e+14 3.25721e+33 3.487423502455012e+19 1.560074642526294e+38 
2.74700e+14 3.56964e+33 3.601443660909826e+19 1.612805356699054e+38 
2.84125e+14 3.91539e+33 3.723370067086751e+19 1.667317813159533e+38 
2.93883e+14 4.29805e+33 3.853713148845173e+19 1.723672533989558e+38 
3.03986e+14 4.72152e+33 3.993011927685304e+19 1.781933682205616e+38 
3.14447e+14 5.19012e+33 4.141890975824577e+19 1.842162892973348e+38 
3.25280e+14 5.70860e+33 4.300951509908935e+19 1.904429474298901e+38 
3.36500e+14 6.28216e+33 4.470852026839693e+19 1.968798407974332e+38 
3.48121e+14 6.91654e+33 4.652279304828119e+19 2.035343006875299e+38 
3.60161e+14 7.61804e+33 4.845915742505769e+19 2.104138331339486e+38 
3.72635e+14 8.39359e+33 5.052550215243910e+19 2.175258136655655e+38 
3.85561e+14 9.25079e+33 5.272938766330562e+19 2.248782366026055e+38 
3.98959e+14 1.01980e+34 5.507932726095202e+19 2.324791171703198e+38 
4.12846e+14 1.12444e+34 5.758344790597509e+19 2.403370205711952e+38 
4.27245e+14 1.24001e+34 6.025112684382531e+19 2.484604398469658e+38 
4.42176e+14 1.36762e+34 6.309145126987988e+19 2.568584391885448e+38 
4.57661e+14 1.50847e+34 6.611448118814228e+19 2.655401942687688e+38 
4.73726e+14 1.66390e+34 6.933028367635861e+19 2.745154350870176e+38 
4.90396e+14 1.83538e+34 7.274922993482311e+19 2.837941589854252e+38 
5.07696e+14 2.02451e+34 7.638231695277793e+19 2.933864317917843e+38 
5.25656e+14 2.23306e+34 8.024166409586980e+19 3.033027971499047e+38 
5.44305e+14 2.46294e+34 8.433855192014650e+19 3.135545113171897e+38 
5.63675e+14 2.71629e+34 8.868523201641328e+19 3.241527459752537e+38 
5.83801e+14 2.99543e+34 9.329482945533988e+19 3.351091675445467e+38 
6.04716e+14 3.30289e+34 9.818058645830122e+19 3.464359210213610e+38 
6.26460e+14 3.64149e+34 1.033559170159304e+20 3.581455257952883e+38 
6.49073e+14 4.01428e+34 1.088351198404086e+20 3.702507801828103e+38 
6.72597e+14 4.42462e+34 1.146326143893089e+20 3.827653333382408e+38 
6.97078e+14 4.87620e+34 1.207631378046797e+20 3.957029345431342e+38 
7.22564e+14 5.37304e+34 1.272421508554021e+20 4.090777034737466e+38 
7.49108e+14 5.91959e+34 1.340855063130456e+20 4.229044248567781e+38 
7.76765e+14 6.52069e+34 1.413089707426541e+20 4.371986271779711e+38 
8.05594e+14 7.18167e+34 1.489289491672984e+20 4.519761976018987e+38 
8.35657e+14 7.90836e+34 1.569625193093102e+20 4.672529882261928e+38 
8.67024e+14 8.70716e+34 1.654265377389953e+20 4.830461111462445e+38 
8.99765e+14 9.58509e+34 1.743382005059499e+20 4.993731063966178e+38 
9.33960e+14 1.05498e+35 1.837151131211278e+20 5.162520163299533e+38 
9.69690e+14 1.16099e+35 1.935751453413158e+20 5.337014231367037e+38 
1.00705e+15 1.27744e+35 2.039360267053523e+20 5.517405482442464e+38 
1.04612e+15 1.40537e+35 2.148158603603691e+20 5.703893745229320e+38 
1.08703e+15 1.54587e+35 2.262327011046838e+20 5.896684486722759e+38 
1.12987e+15 1.70018e+35 2.382041743301514e+20 6.095994649259625e+38 
1.17476e+15 1.86964e+35 2.507488883495278e+20 6.302039495577001e+38 
1.22184e+15 2.05572e+35 2.638843786792512e+20 6.515050854306943e+38 
1.27125e+15 2.26003e+35 2.776285877087471e+20 6.735257330248383e+38 
1.32313e+15 2.48435e+35 2.919987402302696e+20 6.962911654305944e+38 
1.37765e+15 2.73063e+35 3.070123176570874e+20 7.198258879956458e+38 
1.43498e+15 3.00099e+35 3.226856119619724e+20 7.441560153769444e+38 
1.49531e+15 3.29780e+35 3.390351409527610e+20 7.693086522979399e+38 
1.55886e+15 3.62362e+35 3.560766555855922e+20 7.953112760580788e+38 
1.62583e+15 3.98128e+35 3.738251178826060e+20 8.221927372767361e+38 
1.69648e+15 4.37388e+35 3.922943321389574e+20 8.499832406163951e+38 
1.77107e+15 4.80484e+35 4.114986398243601e+20 8.787123186638637e+38 
1.84987e+15 5.27788e+35 4.314493397190345e+20 9.084132044860204e+38 
1.93320e+15 5.79712e+35 4.521587227020070e+20 9.391177495834284e+38 
2.02139e+15 6.36705e+35 4.736366651032376e+20 9.708595690829865e+38 
2.11481e+15 6.99261e+35 4.958922922527276e+20 1.003675244240684e+39 
2.21385e+15 7.67924e+35 5.189335310723183e+20 1.037599460690901e+39 
2.31895e+15 8.43285e+35 5.427660092382054e+20 1.072669996077242e+39 
2.43057e+15 9.25999e+35 5.673955839833682e+20 1.108927047928667e+39 
2.54922e+15 1.01678e+36 5.928246511440548e+20 1.146408572494660e+39 
2.67545e+15 1.11640e+36 6.190543445757681e+20 1.185156559852401e+39 
2.80989e+15 1.22574e+36 6.460875570615529e+20 1.225216904939431e+39 
2.95316e+15 1.34572e+36 6.739186572262884e+20 1.266627748868482e+39 
3.10601e+15 1.47738e+36 7.025475326400604e+20 1.309439452353900e+39 
3.26922e+15 1.62185e+36 7.319680478734303e+20 1.353699757008948e+39 
3.44363e+15 1.78035e+36 7.621736663552980e+20 1.399455290241211e+39 
3.63018e+15 1.95425e+36 7.931555691028632e+20 1.446755961416164e+39 
3.82989e+15 2.14502e+36 8.249049659273212e+20 1.495656783102349e+39 
4.04386e+15 2.35428e+36 8.574101637428722e+20 1.546210269661603e+39 
4.27331e+15 2.58380e+36 8.906578247409710e+20 1.598472762537262e+39 
