500
7.79019e+05 1.45203e+22 9.999999999999999e-01 4.692981726104874e+29 
8.13245e+05 1.55553e+22 1.300022530735296e+15 4.899162012344990e+29 
8.48974e+05 1.66627e+22 2.632527811627898e+15 5.114400574904924e+29 
8.86274e+05 1.78474e+22 3.998061730681251e+15 5.339095377162298e+29 
9.25212e+05 1.91146e+22 5.397182770233377e+15 5.573661866499116e+29 
9.65861e+05 2.04698e+22 6.830466151940828e+15 5.818533742471025e+29 
1.00830e+06 2.19188e+22 8.298508188969039e+15 6.074163758732179e+29 
1.05260e+06 2.34679e+22 9.801930689322500e+15 6.341024560197804e+29 
1.09884e+06 2.51238e+22 1.134138513724090e+16 6.619609556991075e+29 
1.14712e+06 2.68938e+22 1.291755626939379e+16 6.910433836787762e+29 
1.19752e+06 2.87853e+22 1.453116449338098e+16 7.214035117240517e+29 
1.25013e+06 3.08068e+22 1.618298291095639e+16 7.530974740376936e+29 
1.30505e+06 3.29671e+22 1.787396328888533e+16 7.861838711643592e+29 
1.36239e+06 3.52756e+22 1.960493976960716e+16 8.207238780895969e+29 
1.42225e+06 3.77420e+22 2.137645566067297e+16 8.567813571722309e+29 
1.48474e+06 4.03763e+22 2.318892595411385e+16 8.944229763493188e+29 
1.54997e+06 4.31895e+22 2.504299656252120e+16 9.337183327578514e+29 
1.61807e+06 4.61940e+22 2.693981413966599e+16 9.747400818279569e+29 
1.68916e+06 4.94028e+22 2.888039998470117e+16 1.017564070881995e+30 
1.76337e+06 5.28293e+22 3.086540615717847e+16 1.062269478771204e+30 
1.84084e+06 5.64872e+22 3.289525048496624e+16 1.108938962422890e+30 
1.92172e+06 6.03910e+22 3.497044351264478e+16 1.157658810303650e+30 
2.00615e+06 6.45576e+22 3.709207053725893e+16 1.208519102940712e+30 
2.09429e+06 6.90050e+22 3.926138403768624e+16 1.261613878506777e+30 
2.18631e+06 7.37517e+22 4.147921389599871e+16 1.317041306324852e+30 
2.28236e+06 7.88163e+22 4.374603426970268e+16 1.374903868619198e+30 
2.38264e+06 8.42187e+22 4.606224419597572e+16 1.435308550137418e+30 
2.48732e+06 8.99808e+22 4.842871827721150e+16 1.498367036289242e+30 
2.59661e+06 9.61275e+22 5.084692459232984e+16 1.564195920560872e+30 
2.71069e+06 1.02685e+23 5.331797050240133e+16 1.632916918075178e+30 
2.82978e+06 1.09678e+23 5.584243375901834e+16 1.704657088882378e+30 
2.95411e+06 1.17133e+23 5.842059952773039e+16 1.779549073570278e+30 
3.08390e+06 1.25080e+23 6.105299957662664e+16 1.857731340944441e+30 
3.21940e+06 1.33552e+23 6.374105593399766e+16 1.939348446886751e+30 
3.36085e+06 1.42584e+23 6.648623501028174e+16 2.024551297550026e+30 
3.50851e+06 1.52211e+23 6.928939000253490e+16 2.113497428058533e+30 
3.66266e+06 1.62471e+23 7.215089940238334e+16 2.206351294404720e+30 
3.82358e+06 1.73401e+23 7.507107755367677e+16 2.303284577914172e+30 
3.99157e+06 1.85045e+23 7.805095867418517e+16 2.404476503582964e+30 
4.16695e+06 1.97451e+23 8.109236820481210e+16 2.510114172949285e+30 
4.35003e+06 2.10670e+23 8.419659426474462e+16 2.620392906117469e+30 
4.54115e+06 2.24752e+23 8.736419601366254e+16 2.735516600211161e+30 
4.74067e+06 2.39747e+23 9.059531893626315e+16 2.855698107534742e+30 
4.94896e+06 2.55710e+23 9.389041670799586e+16 2.981159633168752e+30 
5.16640e+06 2.72708e+23 9.725116370309120e+16 3.112133151773720e+30 
5.39339e+06 2.90808e+23 1.006793681130955e+17 3.248860830253879e+30 
5.63036e+06 3.10081e+23 1.041760712412067e+17 3.391595470125801e+30 
5.87773e+06 3.30597e+23 1.077416964436011e+17 3.540600975488736e+30 
6.13598e+06 3.52430e+23 1.113765257359449e+17 3.696152843428028e+30 
6.40558e+06 3.75537e+23 1.150625845570158e+17 3.858538675704946e+30 
6.68702e+06 3.96973e+23 1.183394890753208e+17 4.028058724762049e+30 
6.98082e+06 4.15156e+23 1.210008549222107e+17 4.205026539142585e+30 
7.28754e+06 4.35962e+23 1.239157105427601e+17 4.389769475985202e+30 
7.60773e+06 4.68639e+23 1.282966401397874e+17 4.582629115057012e+30 
7.94199e+06 5.13886e+23 1.341231388462362e+17 4.783961665810906e+30 
8.29094e+06 5.42131e+23 1.373906311037768e+17 4.994140387071378e+30 
8.65522e+06 5.22300e+23 1.351350958037601e+17 5.213551616253695e+30 
9.03550e+06 4.84820e+23 1.304079568292578e+17 5.442607420149180e+30 
9.43249e+06 4.67533e+23 1.281511283773811e+17 5.681727905450355e+30 
9.84693e+06 4.94195e+23 1.316174842067597e+17 5.931348067024245e+30 
1.02796e+07 5.68932e+23 1.400086102627162e+17 6.191932972404534e+30 
1.07312e+07 6.75133e+23 1.501126408402082e+17 6.463971790991780e+30 
1.12027e+07 7.82516e+23 1.599104745839632e+17 6.747960301421303e+30 
1.16950e+07 8.69251e+23 1.674925832860431e+17 7.044423788335452e+30 
1.22088e+07 9.50690e+23 1.743083588520689e+17 7.353911062317327e+30 
1.27452e+07 1.03039e+24 1.806979856218932e+17 7.676994694858534e+30 
1.33052e+07 1.10229e+24 1.862260453574990e+17 8.014272310931944e+30 
1.38898e+07 1.16465e+24 1.908143566889695e+17 8.366367981678041e+30 
1.45001e+07 1.22078e+24 1.947661593425382e+17 8.733933013491082e+30 
1.51372e+07 1.27859e+24 1.986683952934328e+17 9.117647020460068e+30 
1.58023e+07 1.34755e+24 2.031241279628442e+17 9.518219349270570e+30 
1.64966e+07 1.43120e+24 2.083036980693212e+17 9.936390320767911e+30 
1.72215e+07 1.52225e+24 2.137014532523735e+17 1.037293313213154e+31 
1.79782e+07 1.61901e+24 2.192020854016180e+17 1.082865489179109e+31 
1.87681e+07 1.72187e+24 2.247996346909487e+17 1.130439834124263e+31 
1.95927e+07 1.83119e+24 2.305002771165636e+17 1.180104303370021e+31 
2.04536e+07 1.94731e+24 2.362957752290874e+17 1.231950728316952e+31 
2.13523e+07 2.07057e+24 2.421937853613540e+17 1.286074948384735e+31 
2.22905e+07 2.20133e+24 2.481875863404998e+17 1.342577034009071e+31 
2.32699e+07 2.34004e+24 2.542765490339800e+17 1.401561456411040e+31 
2.42924e+07 2.48729e+24 2.604681382252349e+17 1.463137285305597e+31 
2.53597e+07 2.64372e+24 2.667689178038171e+17 1.527418381249263e+31 
2.64740e+07 2.80993e+24 2.731827446761871e+17 1.594523601118497e+31 
2.76373e+07 2.98649e+24 2.797080011224594e+17 1.664577021519965e+31 
2.88516e+07 3.17395e+24 2.863431597717618e+17 1.737708158289631e+31 
3.01193e+07 3.37284e+24 2.930878880120274e+17 1.814052206335690e+31 
3.14428e+07 3.58370e+24 2.999397708154840e+17 1.893750305831242e+31 
3.28243e+07 3.80727e+24 3.068981787854133e+17 1.976949817684800e+31 
3.42666e+07 4.04451e+24 3.139688278741743e+17 2.063804600250811e+31 
3.57723e+07 4.29643e+24 3.211617779435158e+17 2.154475255886511e+31 
3.73441e+07 4.56398e+24 3.284812259092715e+17 2.249129438387869e+31 
3.89850e+07 4.84809e+24 3.359223429848357e+17 2.347942170114204e+31 
4.06980e+07 5.14961e+24 3.434920536126497e+17 2.451096111634178e+31 
4.24863e+07 5.46937e+24 3.511807420126922e+17 2.558781977373072e+31 
4.43532e+07 5.80826e+24 3.589852055369241e+17 2.671198846102027e+31 
4.63020e+07 6.16739e+24 3.669073139876334e+17 2.788554566233809e+31 
4.83366e+07 6.54833e+24 3.749566302583405e+17 2.911066157812288e+31 
5.04605e+07 6.95267e+24 3.831415064473164e+17 3.038960171815295e+31 
5.26778e+07 7.38196e+24 3.914668214886526e+17 3.172473094441065e+31 
5.49925e+07 7.83768e+24 3.999306819510520e+17 3.311851792368895e+31 
5.74089e+07 8.32120e+24 4.085309537787791e+17 3.457353944771847e+31 
5.99315e+07 8.83383e+24 4.172696560745217e+17 3.609248507986174e+31 
6.25650e+07 9.37693e+24 4.261362536153469e+17 3.767816303957953e+31 
6.53142e+07 9.95225e+24 4.351317491488504e+17 3.933350503018532e+31 
6.81842e+07 1.05622e+25 4.442697483856047e+17 4.106157212192057e+31 
7.11803e+07 1.12094e+25 4.535601899679456e+17 4.286556003046745e+31 
7.43081e+07 1.18964e+25 4.629988561181420e+17 4.474880507175071e+31 
7.75733e+07 1.26254e+25 4.725977902023188e+17 4.671478879657622e+31 
8.09820e+07 1.33988e+25 4.823550714820628e+17 4.876714579553083e+31 
8.45405e+07 1.42186e+25 4.922623947322719e+17 5.090967020317880e+31 
8.82554e+07 1.50870e+25 5.023109873022140e+17 5.314632279513692e+31 
9.21336e+07 1.60065e+25 5.125075396241308e+17 5.548123820697098e+31 
9.61822e+07 1.69810e+25 5.228515570584756e+17 5.791873506694874e+31 
1.00409e+08 1.80146e+25 5.333657470507846e+17 6.046332066648088e+31 
1.04821e+08 1.91113e+25 5.440503151546515e+17 6.311970097297743e+31 
1.09427e+08 2.02751e+25 5.549192208731812e+17 6.589278686128312e+31 
1.14236e+08 2.15095e+25 5.659525649335644e+17 6.878770643367686e+31 
1.19255e+08 2.28178e+25 5.771562285197325e+17 7.180981031317314e+31 
1.24496e+08 2.42035e+25 5.885277275280596e+17 7.496468441950516e+31 
1.29967e+08 2.56705e+25 6.000533643233302e+17 7.825816191145961e+31 
1.35678e+08 2.72244e+25 6.117534196723523e+17 8.169633222652513e+31 
1.41640e+08 2.88718e+25 6.236300274602433e+17 8.528555534214741e+31 
1.47864e+08 3.06192e+25 6.357034155920695e+17 8.903246771840159e+31 
1.54362e+08 3.24729e+25 6.479667248374659e+17 9.294399885083723e+31 
1.61146e+08 3.44389e+25 6.604281889219354e+17 9.702737981341896e+31 
1.68227e+08 3.65230e+25 6.730806348178684e+17 1.012901596615597e+32 
1.75620e+08 3.87308e+25 6.859189103488384e+17 1.057402181498272e+32 
1.83337e+08 4.10687e+25 6.989441280088092e+17 1.103857811187732e+32 
1.91394e+08 4.35346e+25 7.121085845435846e+17 1.152354383933327e+32 
1.99805e+08 4.58766e+25 7.240888823825019e+17 1.202981608977013e+32 
2.08585e+08 4.77618e+25 7.333286236652659e+17 1.255833206407843e+32 
2.17752e+08 4.92453e+25 7.402906254962981e+17 1.311007093715965e+32 
2.27321e+08 5.08312e+25 7.474153962012970e+17 1.368605440550863e+32 
2.37311e+08 5.33748e+25 7.583441101817130e+17 1.428734753800446e+32 
2.47740e+08 5.77206e+25 7.762244902515148e+17 1.491505940283736e+32 
2.58627e+08 6.38856e+25 8.005561752293160e+17 1.557034508059839e+32 
2.69993e+08 6.95039e+25 8.194452730264305e+17 1.625445518795417e+32 
2.81858e+08 6.91954e+25 8.183267919114243e+17 1.696857581992875e+32 
2.94245e+08 6.87694e+25 8.168510668566167e+17 1.771407992387328e+32 
3.07176e+08 7.50979e+25 8.399843411947768e+17 1.849229817959879e+32 
3.20675e+08 8.34912e+25 8.667280703090170e+17 1.930474039712226e+32 
3.34768e+08 8.99727e+25 8.865159387867098e+17 2.015286756234765e+32 
3.49480e+08 9.55002e+25 9.026841033996644e+17 2.103825517023295e+32 
3.64838e+08 1.00400e+26 9.163962684450461e+17 2.196254359568989e+32 
3.80872e+08 1.06109e+26 9.317065791835430e+17 2.292744020679291e+32 
3.97611e+08 1.12463e+26 9.480178127350630e+17 2.393472871526983e+32 
4.15085e+08 1.19195e+26 9.645893559112593e+17 2.498627079404992e+32 
4.33327e+08 1.26328e+26 9.813940068761925e+17 2.608401138382190e+32 
4.52371e+08 1.33885e+26 9.984574054496529e+17 2.722997942852951e+32 
4.72252e+08 1.41891e+26 1.015771051631456e+18 2.842629429181519e+32 
4.93007e+08 1.50373e+26 1.033340502632458e+18 2.967516785076592e+32 
5.14674e+08 1.59358e+26 1.051167437754517e+18 3.097890907778870e+32 
5.37294e+08 1.68878e+26 1.069261309793205e+18 3.233992836695218e+32 
5.60908e+08 1.78963e+26 1.087626360007261e+18 3.376074236733511e+32 
5.85560e+08 1.89648e+26 1.106263308640107e+18 3.524397803960602e+32 
6.11295e+08 2.00966e+26 1.125164451953860e+18 3.679237803209837e+32 
6.38162e+08 2.12956e+26 1.144356825134377e+18 3.840880455024156e+32 
6.66209e+08 2.25659e+26 1.163826017052423e+18 4.009624716062263e+32 
6.95489e+08 2.39115e+26 1.183587101130378e+18 4.185782510961531e+32 
7.26057e+08 2.53369e+26 1.203629231315348e+18 4.369679607928869e+32 
7.57968e+08 2.68469e+26 1.223979068575257e+18 4.561655954424830e+32 
7.91282e+08 2.84466e+26 1.244626399644213e+18 4.762066563637488e+32 
8.26060e+08 3.01410e+26 1.265573984958004e+18 4.971281949470979e+32 
8.62367e+08 3.19359e+26 1.286827342235240e+18 5.189688952688570e+32 
9.00270e+08 3.38374e+26 1.308395880018820e+18 5.417691402562949e+32 
9.39840e+08 3.58516e+26 1.330282368016731e+18 5.655710838177161e+32 
9.81148e+08 3.79850e+26 1.352481317283480e+18 5.904187375713588e+32 
1.02427e+09 4.02450e+26 1.375011513374334e+18 6.163580403565963e+32 
1.06929e+09 4.26389e+26 1.397873095790960e+18 6.434369561807133e+32 
1.11629e+09 4.51747e+26 1.421076378403918e+18 6.717055399190339e+32 
1.16536e+09 4.77522e+26 1.443672495123218e+18 7.012160606463257e+32 
1.21658e+09 4.99818e+26 1.462390465367457e+18 7.320231342372339e+32 
1.27006e+09 5.29270e+26 1.486042787874280e+18 7.641838871920088e+32 
1.32588e+09 5.69443e+26 1.517394223726823e+18 7.977572147995562e+32 
1.38416e+09 5.78532e+26 1.524100226233472e+18 8.328056006622212e+32 
1.44500e+09 6.12901e+26 1.548482291249737e+18 8.693937773593823e+32 
1.50852e+09 6.20623e+26 1.553712445831288e+18 9.075896551550359e+32 
1.57482e+09 6.65225e+26 1.582096426892254e+18 9.474642636341610e+32 
1.64404e+09 7.12363e+26 1.611392799520375e+18 9.890898816255183e+32 
1.71631e+09 7.51799e+26 1.634853252274645e+18 1.032544283967261e+33 
1.79175e+09 7.96433e+26 1.660287837004456e+18 1.077907816610574e+33 
1.87051e+09 8.43707e+26 1.686093899399739e+18 1.125264334863504e+33 
1.95273e+09 8.93773e+26 1.712270202873695e+18 1.174701403762426e+33 
2.03856e+09 9.46803e+26 1.738837538579517e+18 1.226310418153286e+33 
2.12817e+09 1.00297e+27 1.765784707326006e+18 1.280186820527637e+33 
2.22172e+09 1.06246e+27 1.793128646542050e+18 1.336430198389537e+33 
2.31938e+09 1.12548e+27 1.820873099812277e+18 1.395144559968858e+33 
2.42134e+09 1.19223e+27 1.849019561285468e+18 1.456438481442147e+33 
2.52778e+09 1.26291e+27 1.877574293014387e+18 1.520425258900637e+33 
2.63890e+09 1.33778e+27 1.906538625309895e+18 1.587223214312586e+33 
2.75490e+09 1.41709e+27 1.935930283077460e+18 1.656955865084480e+33 
2.87601e+09 1.50046e+27 1.965534985173041e+18 1.729752117588872e+33 
3.00243e+09 1.58634e+27 1.994741553851414e+18 1.805746604764447e+33 
3.13442e+09 1.67354e+27 2.021678455860353e+18 1.885083027593914e+33 
3.27221e+09 1.66041e+27 2.017588449693627e+18 1.967902220124042e+33 
3.41606e+09 1.73185e+27 2.040027543775551e+18 2.054358984044480e+33 
3.56623e+09 1.90075e+27 2.088232749928130e+18 2.144616296500291e+33 
3.72300e+09 2.04515e+27 2.127872979003899e+18 2.238836934489951e+33 
3.88667e+09 2.16502e+27 2.159370172320462e+18 2.337196982977082e+33 
4.05754e+09 2.27947e+27 2.188171072320630e+18 2.439878702413941e+33 
4.23591e+09 2.41377e+27 2.220531515989070e+18 2.547071700287750e+33 
4.42213e+09 2.55669e+27 2.253529592199306e+18 2.658974063332449e+33 
4.61654e+09 2.70806e+27 2.287011259530315e+18 2.775792695651773e+33 
4.81950e+09 2.86837e+27 2.320966080895600e+18 2.897743636338793e+33 
5.03138e+09 3.03817e+27 2.355420745420505e+18 3.025052325688870e+33 
5.25258e+09 3.21799e+27 2.390374903183934e+18 3.157954151826667e+33 
5.48351e+09 3.40844e+27 2.425828522430268e+18 3.296694863276548e+33 
5.72459e+09 3.61015e+27 2.461799864184180e+18 3.441530967241333e+33 
5.97628e+09 3.82377e+27 2.498297944373345e+18 3.592730229871184e+33 
6.23903e+09 4.05002e+27 2.535312677449278e+18 3.750572286069155e+33 
6.51334e+09 4.28964e+27 2.572865217758463e+18 3.915348948848515e+33 
6.79971e+09 4.54341e+27 2.610969019105821e+18 4.087364817996548e+33 
7.09868e+09 4.81219e+27 2.649629288383800e+18 4.266937955423945e+33 
7.41079e+09 5.09685e+27 2.688833689469633e+18 4.454400501616861e+33 
7.73663e+09 5.39832e+27 2.728614026905742e+18 4.650098908793265e+33 
8.07680e+09 5.71760e+27 2.768967345250908e+18 4.854395080667281e+33 
8.43193e+09 6.05574e+27 2.809903622759798e+18 5.067666761956605e+33 
8.80268e+09 6.41384e+27 2.851429997704303e+18 5.290308247217371e+33 
9.18974e+09 6.79311e+27 2.893554641786121e+18 5.522731223090096e+33 
9.59382e+09 7.19480e+27 2.936302763631522e+18 5.765365337227975e+33 
1.00157e+10 7.61960e+27 2.979606925213488e+18 6.018659236450884e+33 
1.04561e+10 8.02070e+27 3.018769361168895e+18 6.283081384173609e+33 
1.09159e+10 8.47943e+27 3.061638652831659e+18 6.559122263680223e+33 
1.13959e+10 9.04071e+27 3.105253745294905e+18 6.847341644559542e+33 
1.18970e+10 9.01739e+27 3.103250784705602e+18 7.148171257056233e+33 
1.24201e+10 9.52646e+27 3.151228654857377e+18 7.462170744096922e+33 
1.29663e+10 1.02942e+28 3.211662687757852e+18 7.790012829207099e+33 
1.35364e+10 1.08912e+28 3.256699030450807e+18 8.132256294202820e+33 
1.41317e+10 1.15140e+28 3.301677808951878e+18 8.489536603492267e+33 
1.47531e+10 1.21945e+28 3.348754300729526e+18 8.862513601579969e+33 
1.54019e+10 1.29152e+28 3.396509385013494e+18 9.251876853300030e+33 
1.60792e+10 1.36784e+28 3.444970756193454e+18 9.658346084330054e+33 
1.67863e+10 1.44868e+28 3.494113733376929e+18 1.008267322921111e+34 
1.75245e+10 1.53429e+28 3.543974366627664e+18 1.052564261190569e+34 
1.82952e+10 1.62495e+28 3.594544424422841e+18 1.098807332966042e+34 
1.90998e+10 1.72096e+28 3.645848406161046e+18 1.147082018730976e+34 
1.99398e+10 1.82263e+28 3.697885312046664e+18 1.197477605289548e+34 
2.08168e+10 1.93033e+28 3.750692174779999e+18 1.250087246430114e+34 
2.17323e+10 2.04438e+28 3.804250412765507e+18 1.305008229560082e+34 
2.26881e+10 2.16515e+28 3.858582345617130e+18 1.362342079543187e+34 
2.36859e+10 2.29306e+28 3.913683678200818e+18 1.422194844352067e+34 
2.47277e+10 2.42853e+28 3.969593909436105e+18 1.484677147261539e+34 
2.58153e+10 2.57054e+28 4.025741956211174e+18 1.549904548391195e+34 
2.69508e+10 2.71453e+28 4.080272670133756e+18 1.617997684849274e+34 
2.81362e+10 2.86679e+28 4.144897086299483e+18 1.689064932259608e+34 
2.93737e+10 2.87182e+28 4.146636096889174e+18 1.763271871362121e+34 
3.06657e+10 3.07746e+28 4.203353058944422e+18 1.840763159725941e+34 
3.20145e+10 3.25626e+28 4.260364271529720e+18 1.921634700476195e+34 
3.34226e+10 3.44857e+28 4.319077138367726e+18 2.006059263354729e+34 
3.48927e+10 3.65227e+28 4.378649327923924e+18 2.094192904865589e+34 
3.64275e+10 3.86798e+28 4.439080986122835e+18 2.186198560990863e+34 
3.80299e+10 4.09642e+28 4.500378420145133e+18 2.282246362526611e+34 
3.97027e+10 4.33837e+28 4.562560916312820e+18 2.382513922733670e+34 
4.14492e+10 4.59458e+28 4.625631261487207e+18 2.487186604154171e+34 
4.32725e+10 4.86592e+28 4.689612474384818e+18 2.596457978138408e+34 
4.51761e+10 5.15329e+28 4.754514747117991e+18 2.710530005593602e+34 
4.71635e+10 5.44730e+28 4.818113403537213e+18 2.829613770763743e+34 
4.92383e+10 5.79683e+28 4.890691636851992e+18 2.953928742479534e+34 
5.14044e+10 5.99211e+28 4.929463459090788e+18 3.083704773662295e+34 
5.36658e+10 6.34506e+28 4.996438324052710e+18 3.219183817113746e+34 
5.60267e+10 6.71975e+28 5.064666658550610e+18 3.360614516470124e+34 
5.84915e+10 7.11655e+28 5.133884377154439e+18 3.508258758396083e+34 
6.10649e+10 7.53538e+28 5.204227476565531e+18 3.662388087564877e+34 
6.37514e+10 7.70363e+28 5.231158344495538e+18 3.823291550940975e+34 
6.65561e+10 8.16516e+28 5.301521062822833e+18 3.991264708853284e+34 
6.94843e+10 8.64727e+28 5.372322478556006e+18 4.166615700003803e+34 
7.25413e+10 9.15786e+28 5.444123897933436e+18 4.349670614090116e+34 
7.57330e+10 9.69939e+28 5.518527192171383e+18 4.540760419456705e+34 
7.90650e+10 9.79790e+28 5.531244257396144e+18 4.740253399178994e+34 
8.25436e+10 1.05328e+29 5.619797962248047e+18 4.948524190890729e+34 
8.61753e+10 1.11373e+29 5.691388591408971e+18 5.165930908345095e+34 
8.99669e+10 1.17949e+29 5.765939548001325e+18 5.392889532751357e+34 
9.39254e+10 1.24912e+29 5.841577159008608e+18 5.629819105569176e+34 
9.80582e+10 1.32288e+29 5.918298749223378e+18 5.877157898132548e+34 
1.02373e+11 1.40098e+29 5.996128320404144e+18 6.135363207683858e+34 
1.06878e+11 1.48370e+29 6.075084461396854e+18 6.404912379545079e+34 
1.11581e+11 1.57129e+29 6.155152770671636e+18 6.686303960479880e+34 
1.16491e+11 1.66406e+29 6.236380787310217e+18 6.980058033967869e+34 
1.21617e+11 1.76230e+29 6.318785397475585e+18 7.286717829444841e+34 
1.26969e+11 1.86559e+29 6.401876815447305e+18 7.606849310523495e+34 
1.32556e+11 1.93362e+29 6.454404728933630e+18 7.941046802160717e+34 
1.38389e+11 1.97068e+29 6.481731627869459e+18 8.289923556321282e+34 
1.44479e+11 2.09163e+29 6.566480157974101e+18 8.654137033014435e+34 
1.50837e+11 2.21511e+29 6.649983432992250e+18 9.034345234186339e+34 
1.57475e+11 2.34589e+29 6.734692792006307e+18 9.431257352971577e+34 
1.64406e+11 2.48440e+29 6.820612190074399e+18 9.845607530056581e+34 
1.71641e+11 2.63107e+29 6.907773174563557e+18 1.027816133244029e+35 
1.79195e+11 2.78639e+29 6.996174372872008e+18 1.072971891092009e+35 
1.87082e+11 2.95119e+29 7.086894798056445e+18 1.120110421052469e+35 
1.95316e+11 2.99798e+29 7.111340366893811e+18 1.169320664663666e+35 
2.03912e+11 3.17531e+29 7.199167071094849e+18 1.220694435578335e+35 
2.12886e+11 3.36277e+29 7.288959805538562e+18 1.274324071480653e+35 
2.22256e+11 3.56345e+29 7.381197568950671e+18 1.330309572808074e+35 
2.32038e+11 3.69097e+29 7.437256193746243e+18 1.388754480605418e+35 
2.42251e+11 3.90808e+29 7.528502752280669e+18 1.449767835447219e+35 
2.52914e+11 4.13880e+29 7.621534571121962e+18 1.513461494304314e+35 
2.64046e+11 4.38296e+29 7.717192760034508e+18 1.579951060498461e+35 
2.75668e+11 4.43798e+29 7.737545275571376e+18 1.649364600289874e+35 
2.87801e+11 4.70203e+29 7.829769717392820e+18 1.721829836841718e+35 
3.00469e+11 4.97895e+29 7.923755806315657e+18 1.797476164458284e+35 
3.13695e+11 5.27289e+29 8.019310644565134e+18 1.876445928796868e+35 
3.27503e+11 5.58423e+29 8.116242796102355e+18 1.958885148059446e+35 
3.41920e+11 5.91388e+29 8.214560939764356e+18 2.044946174150299e+35 
3.56971e+11 6.25856e+29 8.313165782096699e+18 2.134787856026435e+35 
3.72686e+11 6.49050e+29 8.376648028946800e+18 2.228576995797929e+35 
3.89091e+11 6.72866e+29 8.439040986694254e+18 2.326486239826363e+35 
4.06219e+11 7.12580e+29 8.538583625330557e+18 2.428697772208843e+35 
4.24102e+11 7.54652e+29 8.639875675264156e+18 2.535399028895191e+35 
4.42772e+11 7.82594e+29 8.704226058919964e+18 2.646789251832950e+35 
4.62264e+11 8.28870e+29 8.806155188009223e+18 2.763069975882558e+35 
4.82612e+11 8.78125e+29 8.910199393151625e+18 2.884446175933340e+35 
5.03853e+11 9.30552e+29 9.016294884734600e+18 3.011138798031063e+35 
5.26028e+11 9.86351e+29 9.124437268812388e+18 3.143378435120992e+35 
5.49176e+11 1.04573e+30 9.234663967983557e+18 3.281405282828390e+35 
5.73339e+11 1.10890e+30 9.346991035278838e+18 3.425469747026095e+35 
5.98562e+11 1.17608e+30 9.461418932792398e+18 3.575832854939048e+35 
6.24890e+11 1.24751e+30 9.577918139890360e+18 3.732766766787327e+35 
6.52372e+11 1.32340e+30 9.696505522168615e+18 3.896554934192927e+35 
6.81057e+11 1.40400e+30 9.817126210249894e+18 4.067493080545772e+35 
7.10998e+11 1.48952e+30 9.939726158810409e+18 4.245889443891771e+35 
7.42250e+11 1.58020e+30 1.006424295690712e+19 4.432065373537840e+35 
7.74867e+11 1.67624e+30 1.019056822688088e+19 4.626356120536165e+35 
8.08911e+11 1.77786e+30 1.031858125385725e+19 4.829111337747385e+35 
8.44442e+11 1.88522e+30 1.044815723277401e+19 5.040695726831168e+35 
8.81525e+11 1.99849e+30 1.057910866930407e+19 5.261490117611590e+35 
9.20228e+11 2.11779e+30 1.071121538037663e+19 5.491892154525619e+35 
9.60620e+11 2.24320e+30 1.084424025994685e+19 5.732317100817243e+35 
1.00277e+12 2.37474e+30 1.097788603378802e+19 5.983199087576028e+35 
1.04677e+12 2.51236e+30 1.111185316610060e+19 6.244991819606090e+35 
1.09269e+12 2.65595e+30 1.124573846221171e+19 6.518170432011871e+35 
1.14060e+12 2.80529e+30 1.137914893297226e+19 6.803232009409447e+35 
1.19062e+12 2.96006e+30 1.151158889932705e+19 7.100697798961295e+35 
1.24281e+12 3.11981e+30 1.164254649910645e+19 7.411114126642697e+35 
1.29729e+12 3.28393e+30 1.177144329125116e+19 7.735054449773681e+35 
1.35416e+12 3.45168e+30 1.189764254539258e+19 8.073121127399433e+35 
1.41351e+12 3.62210e+30 1.202047225045676e+19 8.425947178262418e+35 
1.47547e+12 3.79406e+30 1.213921405366597e+19 8.794198456813082e+35 
1.54015e+12 3.96620e+30 1.225308911678227e+19 9.178576016192092e+35 
1.60767e+12 4.13692e+30 1.236129705570964e+19 9.579818056969772e+35 
1.67817e+12 4.30440e+30 1.246298402361928e+19 9.998702646644563e+35 
1.75179e+12 4.46659e+30 1.255732724055366e+19 1.043604922067432e+36 
1.82867e+12 4.62119e+30 1.264348079157101e+19 1.089272150210841e+36 
1.90896e+12 4.76572e+30 1.272066311665229e+19 1.136962869416239e+36 
1.99283e+12 4.89753e+30 1.278808422407983e+19 1.186772831205583e+36 
2.08044e+12 5.01388e+30 1.284511050056746e+19 1.238802565389392e+36 
2.17197e+12 5.11204e+30 1.289121073086028e+19 1.293157536204647e+36 
2.26760e+12 5.18936e+30 1.292601400083592e+19 1.349948081218707e+36 
2.36754e+12 5.24354e+30 1.294940489112411e+19 1.409289181822329e+36 
2.47197e+12 5.27271e+30 1.296158577745425e+19 1.471300138300891e+36 
2.58111e+12 5.27580e+30 1.296282223624814e+19 1.536104625853450e+36 
2.69516e+12 5.25275e+30 1.295337876660000e+19 1.603830373962267e+36 
2.81435e+12 5.20491e+30 1.293281284727430e+19 1.674609926743909e+36 
2.93889e+12 5.13537e+30 1.290185689226589e+19 1.748576589190068e+36 
3.06900e+12 5.04935e+30 1.286199921747888e+19 1.825864033187749e+36 
3.20490e+12 4.95448e+30 1.281630869780661e+19 1.906603436591402e+36 
3.34681e+12 4.86101e+30 1.276970511879801e+19 1.990921520543132e+36 
3.49494e+12 4.78174e+30 1.272900975012878e+19 2.078939300255577e+36 
3.64951e+12 4.73145e+30 1.270267075408671e+19 2.170772381894864e+36 
3.81073e+12 4.72576e+30 1.269966107791900e+19 2.266534998792483e+36 
3.97885e+12 4.77871e+30 1.272742918519232e+19 2.366349809343464e+36 
4.15413e+12 4.89874e+30 1.278869061505091e+19 2.470366447658002e+36 
4.33692e+12 5.08213e+30 1.287737392725521e+19 2.578791346162993e+36 
4.52767e+12 5.30459e+30 1.296968247069730e+19 2.691938146467265e+36 
4.72681e+12 5.54182e+30 1.302022156260890e+19 2.810183781065018e+36 
4.93471e+12 5.79270e+30 1.307249686208348e+19 2.933620671073537e+36 
5.15176e+12 6.05804e+30 1.312499191132853e+19 3.062481787581933e+36 
5.37836e+12 6.33870e+30 1.317763839217846e+19 3.197005854430348e+36 
5.61493e+12 6.63558e+30 1.323204745127237e+19 3.337435897331358e+36 
5.86190e+12 6.94966e+30 1.328581812195273e+19 3.484040405615610e+36 
6.11974e+12 7.28197e+30 1.334220087468105e+19 3.637078010453506e+36 
6.38893e+12 7.63363e+30 1.339869575018728e+19 3.796841309952351e+36 
6.66996e+12 8.00581e+30 1.345462672444683e+19 3.963629077802658e+36 
6.96335e+12 8.39979e+30 1.351233773357844e+19 4.137739737605068e+36 
7.26965e+12 8.81693e+30 1.357181565265883e+19 4.319494785758646e+36 
7.58943e+12 9.25869e+30 1.363075179802812e+19 4.509241367823729e+36 
7.92328e+12 9.72663e+30 1.369069727323148e+19 4.707323193325124e+36 
8.27182e+12 1.02225e+31 1.375169888799509e+19 4.914106299253016e+36 
8.63569e+12 1.07480e+31 1.381378488408797e+19 5.129972909768686e+36 
9.01558e+12 1.13052e+31 1.387701157590804e+19 5.355321891189281e+36 
9.41219e+12 1.18963e+31 1.394136941709617e+19 5.590570043131131e+36 
9.82625e+12 1.25234e+31 1.400691829052100e+19 5.836152083814347e+36 
1.02585e+13 1.31892e+31 1.407211230825140e+19 6.092532723517733e+36 
1.07098e+13 1.38964e+31 1.414025530904346e+19 6.360164217278300e+36 
1.11810e+13 1.46479e+31 1.420889838802721e+19 6.639558245799553e+36 
1.16729e+13 1.54470e+31 1.427817637094060e+19 6.931231448180095e+36 
1.21865e+13 1.62971e+31 1.434976695509693e+19 7.235710738086618e+36 
1.27226e+13 1.72022e+31 1.442213283573671e+19 7.553571565948351e+36 
1.32824e+13 1.81665e+31 1.449694494799369e+19 7.885388307080911e+36 
1.38668e+13 1.91946e+31 1.457194384973178e+19 8.231794818833912e+36 
1.44769e+13 2.02915e+31 1.464876638688652e+19 8.593418399246882e+36 
1.51139e+13 2.14628e+31 1.472841675565729e+19 8.970918419623452e+36 
1.57789e+13 2.27145e+31 1.480932691277132e+19 9.365008903862177e+36 
1.64732e+13 2.40534e+31 1.489162461740964e+19 9.776419125691132e+36 
1.71981e+13 2.54868e+31 1.497715240809859e+19 1.020589103992764e+37 
1.79549e+13 2.70228e+31 1.506344109306297e+19 1.065424788042647e+37 
1.87450e+13 2.86701e+31 1.515420457551389e+19 1.112227663537025e+37 
1.95699e+13 3.04386e+31 1.524514986388413e+19 1.161089670444702e+37 
2.04312e+13 3.23390e+31 1.534095167797124e+19 1.212095448546849e+37 
2.13304e+13 3.43829e+31 1.543814307812543e+19 1.265344047808798e+37 
2.22692e+13 3.65834e+31 1.553959408550457e+19 1.320930229209405e+37 
2.32493e+13 3.89547e+31 1.564293758181918e+19 1.378960459049559e+37 
2.42726e+13 4.15122e+31 1.575093780396532e+19 1.439538185804177e+37 
2.53410e+13 4.42732e+31 1.586117564302341e+19 1.502779558065908e+37 
2.64565e+13 4.72564e+31 1.597660467142692e+19 1.568797035903894e+37 
2.76212e+13 5.04822e+31 1.609559553325063e+19 1.637715775457827e+37 
2.88371e+13 5.39733e+31 1.621836709454122e+19 1.709663369196316e+37 
3.01067e+13 5.77541e+31 1.634796060435335e+19 1.784767442291716e+37 
3.14323e+13 6.18517e+31 1.648097446584936e+19 1.863173880543671e+37 
3.28162e+13 6.62953e+31 1.661778605361168e+19 1.945027797599088e+37 
3.42613e+13 7.11171e+31 1.676206692214164e+19 2.030473248665583e+37 
3.57700e+13 7.63520e+31 1.691143774586276e+19 2.119673917553118e+37 
3.73453e+13 8.20381e+31 1.706629573886956e+19 2.212794668270648e+37 
3.89901e+13 8.82168e+31 1.722677740587551e+19 2.310008276385192e+37 
4.07074e+13 9.49332e+31 1.739600360753236e+19 2.411487188099910e+37 
4.25006e+13 1.02236e+32 1.757054917215968e+19 2.517428802165232e+37 
4.43729e+13 1.10179e+32 1.775347152638032e+19 2.628021608334415e+37 
4.63278e+13 1.18820e+32 1.794328020230162e+19 2.743475259398407e+37 
4.83691e+13 1.28220e+32 1.814117771728685e+19 2.864000780036147e+37 
5.05006e+13 1.38449e+32 1.834746142426630e+19 2.989821157627302e+37 
5.27262e+13 1.49579e+32 1.856250488713286e+19 3.121168964339920e+37 
5.50502e+13 1.61691e+32 1.878661679269716e+19 3.258287253150140e+37 
5.74768e+13 1.74871e+32 1.902013581631866e+19 3.401429709872808e+37 
6.00108e+13 1.89214e+32 1.926344084316026e+19 3.550861074803288e+37 
6.26568e+13 2.04820e+32 1.951687566409336e+19 3.706857928269404e+37 
6.54199e+13 2.21802e+32 1.978086540424907e+19 3.869708754815692e+37 
6.83052e+13 2.40279e+32 2.005575235383508e+19 4.039715169347352e+37 
7.13182e+13 2.60384e+32 2.034203630130696e+19 4.217191461098706e+37 
7.44646e+13 2.82259e+32 2.064214637034867e+19 4.402456382561928e+37 
7.77504e+13 3.06062e+32 2.095355229186616e+19 4.595866952868453e+37 
8.11818e+13 3.31963e+32 2.127682739821494e+19 4.797781495643035e+37 
8.47652e+13 3.60152e+32 2.161558258197385e+19 5.008557392188981e+37 
8.85075e+13 3.90836e+32 2.196923211011593e+19 5.228590222798104e+37 
9.24158e+13 4.24242e+32 2.233581294091545e+19 5.458302498723793e+37 
9.64975e+13 4.60621e+32 2.271878251277889e+19 5.698103376176750e+37 
1.00760e+14 5.00252e+32 2.311898840620852e+19 5.948435432743857e+37 
1.05213e+14 5.43440e+32 2.353627835766914e+19 6.209767882272048e+37 
1.09863e+14 5.90517e+32 2.397157862511342e+19 6.482583903510442e+37 
1.14719e+14 6.41845e+32 2.442578207599507e+19 6.767388084980663e+37 
1.19792e+14 6.97803e+32 2.489962217116228e+19 7.064707720622520e+37 
1.25091e+14 7.58766e+32 2.539452766016265e+19 7.375085274285615e+37 
1.30625e+14 8.24950e+32 2.590742632967766e+19 7.699112221348198e+37 
1.36406e+14 8.90432e+32 2.639516421971350e+19 8.037366349017022e+37 
1.42444e+14 9.73352e+32 2.698527263971030e+19 8.390478050459411e+37 
1.48752e+14 1.06838e+33 2.763345075478955e+19 8.759097212423001e+37 
1.55342e+14 1.17374e+33 2.832055011691864e+19 9.143919290142904e+37 
1.62227e+14 1.29034e+33 2.904724113159664e+19 9.545659597815069e+37 
1.69421e+14 1.41924e+33 2.981824497482591e+19 9.965028549268094e+37 
1.76937e+14 1.56157e+33 3.063155875485643e+19 1.040283830812403e+38 
1.84790e+14 1.71849e+33 3.149149981324184e+19 1.085986187786329e+38 
1.92997e+14 1.89122e+33 3.239574290514543e+19 1.133698303496727e+38 
2.01573e+14 2.07623e+33 3.332441365642682e+19 1.183504410619932e+38 
2.10535e+14 2.27527e+33 3.427861936475785e+19 1.235500965111453e+38 
2.19901e+14 2.49151e+33 3.527050602631594e+19 1.289782091048221e+38 
2.29689e+14 2.72721e+33 3.630637426993228e+19 1.346445968047426e+38 
2.39920e+14 2.98475e+33 3.738868967076298e+19 1.405600185306953e+38 
2.50613e+14 3.26698e+33 3.852306047439285e+19 1.467353852253483e+38 
2.61791e+14 3.57754e+33 3.971705766089629e+19 1.531820860450613e+38 
2.73475e+14 3.92128e+33 4.098152640701570e+19 1.599119749661036e+38 
2.85691e+14 4.30484e+33 4.233174746326892e+19 1.669374099115116e+38 
2.98463e+14 4.73735e+33 4.378799989873707e+19 1.742714573419891e+38 
3.11819e+14 5.23136e+33 4.537622339562675e+19 1.819281747052800e+38 
3.25788e+14 5.80409e+33 4.713853143597648e+19 1.899209272874673e+38 
3.40400e+14 6.47886e+33 4.912366152357319e+19 1.982647214770310e+38 
3.55691e+14 7.28698e+33 5.139364251883246e+19 2.069754993771418e+38 
3.71697e+14 8.27002e+33 5.403394053602675e+19 2.160684151996477e+38 
3.88460e+14 9.48251e+33 5.714187248123392e+19 2.255611244317083e+38 
4.06025e+14 1.09953e+34 6.084109856702213e+19 2.354711475855860e+38 
4.24445e+14 1.28992e+34 6.528254713685002e+19 2.458161527071573e+38 
4.43779e+14 1.53102e+34 7.063920489509709e+19 2.566159800321065e+38 
4.64096e+14 1.83737e+34 7.711838143644954e+19 2.678897880242063e+38 
4.85474e+14 2.22713e+34 8.495018599797912e+19 2.796594105949385e+38 
5.08007e+14 2.72266e+34 9.439758982956581e+19 2.919459614739581e+38 
5.31803e+14 3.35112e+34 1.057447626586923e+20 3.047717890764687e+38 
5.56991e+14 4.14498e+34 1.192851155763920e+20 3.181614820903264e+38 
5.83720e+14 5.14222e+34 1.353129488376336e+20 3.321394801130355e+38 
6.12170e+14 6.38600e+34 1.540948578180837e+20 3.467316987069801e+38 
6.42547e+14 7.92336e+34 1.758376742650652e+20 3.619651074325609e+38 
6.75090e+14 9.80241e+34 2.006441752430353e+20 3.778680002334106e+38 
7.10075e+14 1.20674e+35 2.284642648824899e+20 3.944686033821102e+38 
7.47803e+14 1.47511e+35 2.590325447188798e+20 4.117986803464365e+38 
7.88606e+14 1.78651e+35 2.918337263303122e+20 4.298907927818346e+38 
8.32825e+14 2.13898e+35 3.260994848947421e+20 4.487772421553321e+38 
8.80799e+14 2.52683e+35 3.608614046732370e+20 4.684933445052709e+38 
9.32844e+14 2.94114e+35 3.950955691417388e+20 4.890759711838045e+38 
9.89245e+14 3.37164e+35 4.279248097413739e+20 5.105631449586616e+38 
1.05025e+15 3.80966e+35 4.588099681041003e+20 5.329943821868631e+38 
1.11608e+15 4.25096e+35 4.876435423003223e+20 5.564108744468314e+38 
1.18698e+15 4.69694e+35 5.147020603785244e+20 5.808555409476976e+38 
1.26319e+15 5.15396e+35 5.404892100218763e+20 6.063762999358312e+38 
1.34502e+15 5.63143e+35 5.655783768668331e+20 6.330157910453707e+38 
1.43286e+15 6.13982e+35 5.904628222109147e+20 6.608268297234648e+38 
1.52714e+15 6.68921e+35 6.155176548461087e+20 6.898583348692989e+38 
1.62837e+15 7.28871e+35 6.409777410941248e+20 7.201674505923612e+38 
1.73711e+15 7.94635e+35 6.669773967251193e+20 7.518070905827417e+38 
1.85400e+15 8.66932e+35 6.935688767590594e+20 7.848356356648942e+38 
1.97973e+15 9.46433e+35 7.207510302275650e+20 8.193174111924822e+38 
2.11505e+15 1.03379e+36 7.485019230241347e+20 8.553128268564078e+38 
2.26080e+15 1.12965e+36 7.767789541840036e+20 8.928911425366379e+38 
2.41786e+15 1.23472e+36 8.055413603938721e+20 9.321177878512875e+38 
2.58719e+15 1.34973e+36 8.347399786402698e+20 9.730693942793581e+38 
