500
1.26086e+05 7.57988e+20 9.999999999999999e-01 7.595586249078352e+28 
1.32297e+05 8.19930e+20 4.794952078820214e+14 7.969727688707381e+28 
1.38813e+05 8.86918e+20 9.737006969549182e+14 8.362298486463262e+28 
1.45651e+05 9.59350e+20 1.482986898372324e+15 8.774206429919374e+28 
1.52825e+05 1.03766e+21 2.007734986933265e+15 9.206404022214092e+28 
1.60353e+05 1.12230e+21 2.548338942822763e+15 9.659890684673240e+28 
1.68252e+05 1.21379e+21 3.105207755635588e+15 1.013571506793463e+29 
1.76540e+05 1.31267e+21 3.678767689984864e+15 1.063497747691630e+29 
1.85236e+05 1.41951e+21 4.269464463810709e+15 1.115883241523235e+29 
1.94360e+05 1.53496e+21 4.877765116518437e+15 1.170849125493326e+29 
2.03934e+05 1.65969e+21 5.504161347459953e+15 1.228522503780374e+29 
2.13980e+05 1.79447e+21 6.149206228853751e+15 1.289036741578928e+29 
2.24520e+05 1.94009e+21 6.813442294442532e+15 1.352531773258348e+29 
2.35579e+05 2.09741e+21 7.497329027891748e+15 1.419154425657338e+29 
2.47183e+05 2.26733e+21 8.201306553974150e+15 1.489058757794167e+29 
2.59359e+05 2.45084e+21 8.925941384872805e+15 1.562406417655257e+29 
2.72135e+05 2.64908e+21 9.671941877310250e+15 1.639367015920074e+29 
2.85540e+05 2.86320e+21 1.043989687693816e+16 1.720118517688795e+29 
2.99605e+05 3.09442e+21 1.123025368921722e+16 1.804847654135924e+29 
3.14363e+05 3.34404e+21 1.204345248149777e+16 1.893750354406329e+29 
3.29848e+05 3.61353e+21 1.288016401956875e+16 1.987032198963648e+29 
3.46096e+05 3.90451e+21 1.374115800181070e+16 2.084908895070422e+29 
3.63144e+05 4.21864e+21 1.462704569450696e+16 2.187606774321377e+29 
3.81032e+05 4.55769e+21 1.553832420772826e+16 2.295363315860054e+29 
3.99801e+05 4.92357e+21 1.647553299778650e+16 2.408427696518788e+29 
4.19494e+05 5.31842e+21 1.743947596664856e+16 2.527061368295367e+29 
4.40158e+05 5.74457e+21 1.843098566672601e+16 2.651538661443887e+29 
4.61840e+05 6.20442e+21 1.945068142689205e+16 2.782147419459509e+29 
4.84589e+05 6.70049e+21 2.049905228355378e+16 2.919189664934343e+29 
5.08459e+05 7.23554e+21 2.157670398577940e+16 3.062982297435209e+29 
5.33505e+05 7.81268e+21 2.268457399855012e+16 3.213857826498023e+29 
5.59785e+05 8.43524e+21 2.382352278550566e+16 3.372165140452690e+29 
5.87359e+05 9.10665e+21 2.499418233690321e+16 3.538270310916521e+29 
6.16292e+05 9.83054e+21 2.619708666690520e+16 3.712557439978245e+29 
6.46649e+05 1.06109e+22 2.743297525807172e+16 3.895429551342668e+29 
6.78502e+05 1.14523e+22 2.870291350724444e+16 4.087309523361986e+29 
7.11924e+05 1.23594e+22 3.000778565079864e+16 4.288641062667771e+29 
7.46993e+05 1.33371e+22 3.134821012074139e+16 4.499889729926946e+29 
7.83789e+05 1.43906e+22 3.272473868955772e+16 4.721544017527151e+29 
8.22397e+05 1.55257e+22 3.413826340171089e+16 4.954116481878826e+29 
8.62908e+05 1.67489e+22 3.558996087179497e+16 5.198144928106939e+29 
9.05413e+05 1.80669e+22 3.708071132522151e+16 5.454193651054198e+29 
9.50013e+05 1.94866e+22 3.861111225371038e+16 5.722854740629356e+29 
9.96810e+05 2.10154e+22 4.018176279570998e+16 6.004749451914067e+29 
1.04591e+06 2.26617e+22 4.179374540146239e+16 6.300529643765075e+29 
1.09743e+06 2.44347e+22 4.344830799828435e+16 6.610879285462503e+29 
1.15149e+06 2.63439e+22 4.514630521445322e+16 6.936516034240855e+29 
1.20821e+06 2.83991e+22 4.688830560289938e+16 7.278192894932741e+29 
1.26773e+06 3.06108e+22 4.867499059585886e+16 7.636699964527105e+29 
1.33017e+06 3.29912e+22 5.050765494134703e+16 8.012866265121706e+29 
1.39570e+06 3.55533e+22 5.238757895289408e+16 8.407561654742682e+29 
1.46445e+06 3.83103e+22 5.431557672539165e+16 8.821698829010269e+29 
1.53659e+06 4.12760e+22 5.629219900191470e+16 9.256235433811779e+29 
1.61228e+06 4.44657e+22 5.831827192971419e+16 9.712176290809888e+29 
1.69170e+06 4.78968e+22 6.039531606085816e+16 1.019057572829613e+30 
1.77503e+06 5.15874e+22 6.252461528761786e+16 1.069254000394243e+30 
1.86246e+06 5.55562e+22 6.470689148083411e+16 1.121922986392358e+30 
1.95421e+06 5.98224e+22 6.694263470578168e+16 1.177186322945914e+30 
2.05047e+06 6.44080e+22 6.923285476903391e+16 1.235171801789981e+30 
2.15148e+06 6.93374e+22 7.157925302328691e+16 1.296013510180522e+30 
2.25746e+06 7.46362e+22 7.398305299844544e+16 1.359852139644537e+30 
2.36866e+06 8.03302e+22 7.644489624062584e+16 1.426835310750229e+30 
2.48534e+06 8.64469e+22 7.896530308408885e+16 1.497117915218602e+30 
2.60776e+06 9.30173e+22 8.154557414112179e+16 1.570862476031688e+30 
2.73622e+06 1.00076e+23 8.418755122751246e+16 1.648239523153586e+30 
2.87101e+06 1.07659e+23 8.689236343216942e+16 1.729427984248617e+30 
3.01243e+06 1.15802e+23 8.966050241551248e+16 1.814615598098820e+30 
3.16083e+06 1.24542e+23 9.249250061002626e+16 1.903999350874743e+30 
3.31653e+06 1.33926e+23 9.539000047186805e+16 1.997785935507971e+30 
3.47990e+06 1.44001e+23 9.835488543048688e+16 2.096192226553884e+30 
3.65132e+06 1.54816e+23 1.013881586255628e+17 2.199445779334594e+30 
3.83118e+06 1.66421e+23 1.044902255972177e+17 2.307785356908907e+30 
4.01991e+06 1.78870e+23 1.076617946199232e+17 2.421461483973289e+30 
4.21793e+06 1.92227e+23 1.109048993830900e+17 2.540737029009658e+30 
4.42571e+06 2.06560e+23 1.142214185716654e+17 2.665887808686981e+30 
4.64372e+06 2.21935e+23 1.176121792047382e+17 2.797203221440995e+30 
4.87247e+06 2.38423e+23 1.210774463849497e+17 2.934986918031118e+30 
5.11249e+06 2.56099e+23 1.246181722998889e+17 3.079557509262315e+30 
5.36433e+06 2.75054e+23 1.282367919069730e+17 3.231249307200092e+30 
5.62858e+06 2.95380e+23 1.319350808918033e+17 3.390413087984988e+30 
5.90585e+06 3.17170e+23 1.357135731924653e+17 3.557416899148524e+30 
6.19678e+06 3.40520e+23 1.395723412173776e+17 3.732646914193567e+30 
6.50204e+06 3.65538e+23 1.435126891575488e+17 3.916508335518094e+30 
6.82233e+06 3.92349e+23 1.475372272396243e+17 4.109426332581534e+30 
7.15841e+06 4.21080e+23 1.516475565046798e+17 4.311847011650828e+30 
7.51104e+06 4.51860e+23 1.558442696106086e+17 4.524238447042842e+30 
7.88104e+06 4.84826e+23 1.601278327057073e+17 4.747091768269972e+30 
8.26927e+06 5.20132e+23 1.645002790805539e+17 4.980922307006512e+30 
8.67662e+06 5.57957e+23 1.689646511551669e+17 5.226270786552712e+30 
9.10404e+06 5.98474e+23 1.735222562425416e+17 5.483704552167681e+30 
9.55252e+06 6.41854e+23 1.781728374975269e+17 5.753818882313438e+30 
1.00231e+07 6.88281e+23 1.829163235728068e+17 6.037238378338464e+30 
1.05168e+07 7.37975e+23 1.877552601223543e+17 6.334618431626397e+30 
1.10349e+07 7.91175e+23 1.926923572436263e+17 6.646646719368980e+30 
1.15785e+07 8.48118e+23 1.977287481628228e+17 6.974044773100166e+30 
1.21489e+07 9.09047e+23 2.028646503725452e+17 7.317569651886778e+30 
1.27474e+07 9.74227e+23 2.081009432167414e+17 7.678015713163787e+30 
1.33753e+07 1.04397e+24 2.134408868066304e+17 8.056216474256534e+30 
1.40342e+07 1.11861e+24 2.188872878710462e+17 8.453046503478662e+30 
1.47256e+07 1.19847e+24 2.244407241210378e+17 8.869423420287225e+30 
1.54510e+07 1.28386e+24 2.301006367481146e+17 9.306310028188997e+30 
1.62122e+07 1.37517e+24 2.358680885534687e+17 9.764716577703311e+30 
1.70108e+07 1.47282e+24 2.417469374428023e+17 1.024570312561870e+31 
1.78488e+07 1.57727e+24 2.477395921339592e+17 1.075038192165297e+31 
1.87281e+07 1.68896e+24 2.538464542861564e+17 1.127991996205957e+31 
1.96507e+07 1.80833e+24 2.600673081610825e+17 1.183554171097295e+31 
2.06187e+07 1.93592e+24 2.664042083792747e+17 1.241853199364801e+31 
2.16345e+07 2.07233e+24 2.728614131691120e+17 1.303023897188059e+31 
2.27002e+07 2.21819e+24 2.794410269274422e+17 1.367207716726410e+31 
2.38185e+07 2.37407e+24 2.861429244229983e+17 1.434553072453166e+31 
2.49919e+07 2.54060e+24 2.929667845411319e+17 1.505215688603600e+31 
2.62231e+07 2.71855e+24 2.999156746412316e+17 1.579358968667218e+31 
2.75149e+07 2.90873e+24 3.069940255350850e+17 1.657154369245775e+31 
2.88704e+07 3.11198e+24 3.142034259148472e+17 1.738781783626847e+31 
3.02927e+07 3.32911e+24 3.215432995121247e+17 1.824429958370789e+31 
3.17850e+07 3.56098e+24 3.290136167426198e+17 1.914296938489473e+31 
3.33509e+07 3.80866e+24 3.366184886317397e+17 2.008590539113596e+31 
3.49939e+07 4.07328e+24 3.443620875560545e+17 2.107528812162883e+31 
3.67178e+07 4.35594e+24 3.522455114845701e+17 2.211340539352370e+31 
3.85267e+07 4.65777e+24 3.602680301380581e+17 2.320265764592318e+31 
4.04247e+07 4.97999e+24 3.684304206580142e+17 2.434556361364415e+31 
4.24162e+07 5.32409e+24 3.767378010297391e+17 2.554476629053309e+31 
4.45058e+07 5.69162e+24 3.851940345858462e+17 2.680303880714614e+31 
4.66984e+07 6.08406e+24 3.937996634668779e+17 2.812329070266395e+31 
4.89989e+07 6.50294e+24 4.025537399610383e+17 2.950857473151091e+31 
5.14129e+07 6.95000e+24 4.114580703248812e+17 3.096209418019304e+31 
5.39457e+07 7.42732e+24 4.205186057049512e+17 3.248721038932533e+31 
5.66034e+07 7.93697e+24 4.297387122094632e+17 3.408745010606193e+31 
5.93920e+07 8.48098e+24 4.391183402376582e+17 3.576651356184271e+31 
6.23180e+07 9.06145e+24 4.486565344420415e+17 3.752828317489432e+31 
6.53881e+07 9.68085e+24 4.583564809161987e+17 3.937683290356076e+31 
6.86095e+07 1.03420e+25 4.682245825018132e+17 4.131643764663101e+31 
7.19896e+07 1.10478e+25 4.782635034653811e+17 4.335158256650167e+31 
7.55363e+07 1.18009e+25 4.884724545305819e+17 4.548697343066282e+31 
7.92577e+07 1.26041e+25 4.988505989071885e+17 4.772754777433857e+31 
8.31624e+07 1.34611e+25 5.094026191925284e+17 5.007848689246138e+31 
8.72596e+07 1.43757e+25 5.201346729170908e+17 5.254522748033509e+31 
9.15586e+07 1.53515e+25 5.310488258066095e+17 5.513347354638951e+31 
9.60694e+07 1.63925e+25 5.421443206280351e+17 5.784920967564204e+31 
1.00802e+08 1.75027e+25 5.534215263182098e+17 6.069871535487293e+31 
1.05769e+08 1.86870e+25 5.648868756373199e+17 6.368858021072438e+31 
1.10980e+08 1.99506e+25 5.765464693568806e+17 6.682571842699353e+31 
1.16447e+08 2.12988e+25 5.884012912378580e+17 7.011738407429753e+31 
1.22184e+08 2.27364e+25 6.004493704567474e+17 7.357118810156715e+31 
1.28204e+08 2.42692e+25 6.126916050459566e+17 7.719511676051635e+31 
1.34521e+08 2.59040e+25 6.251356375797280e+17 8.099755083244926e+31 
1.41148e+08 2.76479e+25 6.377865668562653e+17 8.498728350046428e+31 
1.48102e+08 2.95077e+25 6.506448100726984e+17 8.917354003476404e+31 
1.55399e+08 3.14904e+25 6.637089255404989e+17 9.356599960783044e+31 
1.63056e+08 3.36040e+25 6.769817955498294e+17 9.817481914524301e+31 
1.71089e+08 3.58581e+25 6.904717945672323e+17 1.030106572408513e+32 
1.79519e+08 3.82620e+25 7.041833221473716e+17 1.080846965366795e+32 
1.88363e+08 4.08251e+25 7.181161049594104e+17 1.134086692935222e+32 
1.97644e+08 4.35570e+25 7.322689242452424e+17 1.189948853486460e+32 
2.07382e+08 4.64690e+25 7.466468321352019e+17 1.248562626101651e+32 
2.17600e+08 4.95743e+25 7.612589582249871e+17 1.310063565534750e+32 
2.28321e+08 5.28856e+25 7.761086248460248e+17 1.374593886433396e+32 
2.39570e+08 5.64153e+25 7.911940466791860e+17 1.442302791645600e+32 
2.51374e+08 6.01763e+25 8.065137600910907e+17 1.513346833402590e+32 
2.63760e+08 6.41849e+25 8.220747815675738e+17 1.587890306119466e+32 
2.76755e+08 6.84584e+25 8.378853905550725e+17 1.666105603896008e+32 
2.90391e+08 7.30141e+25 8.539481784659761e+17 1.748173585668286e+32 
3.04699e+08 7.78690e+25 8.702621410916023e+17 1.834283998482942e+32 
3.19713e+08 8.30418e+25 8.868282704082638e+17 1.924635944295467e+32 
3.35465e+08 8.85553e+25 9.036560247012374e+17 2.019438377054670e+32 
3.51995e+08 9.44333e+25 9.207536968231204e+17 2.118910537437574e+32 
3.69338e+08 1.00698e+26 9.381219162911199e+17 2.223282429421778e+32 
3.87537e+08 1.07373e+26 9.557571404572384e+17 2.332795365024351e+32 
4.06632e+08 1.14484e+26 9.736607157662460e+17 2.447702567187254e+32 
4.26668e+08 1.22061e+26 9.918431949385194e+17 2.568269789015290e+32 
4.47691e+08 1.30136e+26 1.010311039588633e+18 2.694775848731371e+32 
4.69751e+08 1.38741e+26 1.029065245420366e+18 2.827513247907348e+32 
4.92897e+08 1.47907e+26 1.048104966821183e+18 2.966788873745802e+32 
5.17184e+08 1.57672e+26 1.067435239052625e+18 3.112924783568758e+32 
5.42668e+08 1.68078e+26 1.087068574820723e+18 3.266258962801983e+32 
5.69408e+08 1.79169e+26 1.107010120358185e+18 3.427145990632038e+32 
5.97466e+08 1.90983e+26 1.127255732311139e+18 3.595957847292035e+32 
6.26906e+08 2.03563e+26 1.147799563116003e+18 3.773084822332804e+32 
6.57797e+08 2.16958e+26 1.168647409125503e+18 3.958936527495805e+32 
6.90211e+08 2.31224e+26 1.189809035835770e+18 4.153942805632219e+32 
7.24222e+08 2.46418e+26 1.211288024260527e+18 4.358554582943215e+32 
7.59909e+08 2.62596e+26 1.233084493178725e+18 4.573244916098898e+32 
7.97355e+08 2.79820e+26 1.255199626021065e+18 4.798510170102731e+32 
8.36646e+08 2.98161e+26 1.277642918902953e+18 5.034871314377720e+32 
8.77874e+08 3.17697e+26 1.300425546943738e+18 5.282874999044600e+32 
9.21133e+08 3.38503e+26 1.323549541327882e+18 5.543094670406311e+32 
9.66525e+08 3.60652e+26 1.347010669207916e+18 5.816131927929359e+32 
1.01415e+09 3.84227e+26 1.370808751918809e+18 6.102618058026068e+32 
1.06413e+09 4.09328e+26 1.394957125061439e+18 6.403215659712522e+32 
1.11657e+09 4.36059e+26 1.419465885721280e+18 6.718619924731655e+32 
1.17159e+09 4.64521e+26 1.444335582666681e+18 7.049560108412844e+32 
1.22933e+09 4.94813e+26 1.469562211179890e+18 7.396801286309292e+32 
1.28991e+09 5.27053e+26 1.495148859609773e+18 7.761146358729703e+32 
1.35348e+09 5.61378e+26 1.521110718618626e+18 8.143438045737236e+32 
1.42018e+09 5.97927e+26 1.547456288370740e+18 8.544560432632495e+32 
1.49016e+09 6.36833e+26 1.574184349802613e+18 8.965440911829050e+32 
1.56360e+09 6.78236e+26 1.601290683968313e+18 9.407052464305161e+32 
1.64066e+09 7.22296e+26 1.628781948458838e+18 9.870416280946436e+32 
1.72151e+09 7.69202e+26 1.656674347868008e+18 1.035660413678746e+33 
1.80635e+09 8.19140e+26 1.684974490862448e+18 1.086674032099629e+33 
1.89537e+09 8.72289e+26 1.713679806494175e+18 1.140200419832148e+33 
1.98878e+09 9.28839e+26 1.742787081876529e+18 1.196363318186824e+33 
2.08680e+09 9.89019e+26 1.772307246072831e+18 1.255292612850212e+33 
2.18964e+09 1.05308e+27 1.802256434153556e+18 1.317124608536457e+33 
2.29756e+09 1.12128e+27 1.832639135806645e+18 1.382002279677457e+33 
2.41079e+09 1.19384e+27 1.863451120387724e+18 1.450075605810014e+33 
2.52961e+09 1.27104e+27 1.894690499114530e+18 1.521501961579554e+33 
2.65428e+09 1.35320e+27 1.926372405532811e+18 1.596446549649957e+33 
2.78510e+09 1.44064e+27 1.958511857011749e+18 1.675082712442469e+33 
2.92237e+09 1.53371e+27 1.991109679427857e+18 1.757592267707241e+33 
3.06640e+09 1.63271e+27 2.024158080834647e+18 1.844165946530867e+33 
3.21754e+09 1.73801e+27 2.057656026643301e+18 1.935003906854829e+33 
3.37612e+09 1.85004e+27 2.091619942562891e+18 2.030316269651659e+33 
3.54252e+09 1.96924e+27 2.126060825709927e+18 2.130323476007400e+33 
3.71713e+09 2.09605e+27 2.160980572467323e+18 2.235256738392703e+33 
3.90034e+09 2.23093e+27 2.196377442092338e+18 2.345358612438594e+33 
4.09258e+09 2.37440e+27 2.232257906551938e+18 2.460883676738313e+33 
4.29431e+09 2.52706e+27 2.268643329493894e+18 2.582099172527339e+33 
4.50597e+09 2.68951e+27 2.305543457346278e+18 2.709285426882258e+33 
4.72808e+09 2.86230e+27 2.342948702223569e+18 2.842736464857274e+33 
4.96113e+09 3.04599e+27 2.380843653938078e+18 2.982760759287529e+33 
5.20567e+09 3.24124e+27 2.419233512795749e+18 3.129682121793126e+33 
5.46227e+09 3.44886e+27 2.458134468251030e+18 3.283840434017689e+33 
5.73152e+09 3.66959e+27 2.497550851642310e+18 3.445592179987723e+33 
6.01404e+09 3.90422e+27 2.537480284408698e+18 3.615311260214390e+33 
6.31049e+09 4.15358e+27 2.577921059057466e+18 3.793389981332760e+33 
6.62156e+09 4.41861e+27 2.618885032168065e+18 3.980240217785092e+33 
6.94797e+09 4.70038e+27 2.660389506214714e+18 4.176294205639959e+33 
7.29047e+09 4.99990e+27 2.702436777410626e+18 4.382005265056384e+33 
7.64986e+09 5.31819e+27 2.745017547073721e+18 4.597848882765898e+33 
8.02697e+09 5.65632e+27 2.788127238436197e+18 4.824324019797110e+33 
8.42267e+09 6.01562e+27 2.831784534046718e+18 5.061954566393338e+33 
8.83788e+09 6.39752e+27 2.876006006588001e+18 5.311290199401949e+33 
9.27357e+09 6.80337e+27 2.920792998683835e+18 5.572907379884398e+33 
9.73074e+09 7.23454e+27 2.966138799389924e+18 5.847410777398886e+33 
1.02105e+10 7.69258e+27 3.012046134914825e+18 6.135435019726437e+33 
1.07138e+10 8.17936e+27 3.058540956989572e+18 6.437646460929507e+33 
1.12420e+10 8.69677e+27 3.105639607737676e+18 6.754744102584996e+33 
1.17962e+10 9.24659e+27 3.153335782864536e+18 7.087460984027324e+33 
1.23778e+10 9.83055e+27 3.201613655345378e+18 7.436566067495286e+33 
1.29881e+10 1.04507e+28 3.250477456846103e+18 7.802866580121961e+33 
1.36284e+10 1.11097e+28 3.299953401693695e+18 8.187210040291439e+33 
1.43003e+10 1.18098e+28 3.350051332481193e+18 8.590485323249939e+33 
1.50054e+10 1.25535e+28 3.400765629525203e+18 9.013624587842255e+33 
1.57452e+10 1.33432e+28 3.452087500972766e+18 9.457605774354380e+33 
1.65215e+10 1.41819e+28 3.504029261290811e+18 9.923455700961042e+33 
1.73361e+10 1.50729e+28 3.556618596462028e+18 1.041225223957202e+34 
1.81909e+10 1.60193e+28 3.609855638480833e+18 1.092512568738708e+34 
1.90878e+10 1.70241e+28 3.663714003220731e+18 1.146326138868417e+34 
2.00290e+10 1.80900e+28 3.718167396082423e+18 1.202790309429414e+34 
2.10165e+10 1.92209e+28 3.773226286184795e+18 1.262035699040666e+34 
2.20528e+10 2.04209e+28 3.828901611506355e+18 1.324199384375012e+34 
2.31402e+10 2.16940e+28 3.885189380666032e+18 1.389425094445276e+34 
2.42813e+10 2.30441e+28 3.942079020063202e+18 1.457863562146392e+34 
2.54786e+10 2.44756e+28 3.999565232469635e+18 1.529672978114555e+34 
2.67350e+10 2.59937e+28 4.057660477617030e+18 1.605019491013517e+34 
2.80533e+10 2.76037e+28 4.116376055806215e+18 1.684077409818130e+34 
2.94367e+10 2.93109e+28 4.175712330781530e+18 1.767029499130708e+34 
3.08883e+10 3.11210e+28 4.235664861470944e+18 1.854067448048877e+34 
3.24115e+10 3.30400e+28 4.296239822185294e+18 1.945392477305969e+34 
3.40098e+10 3.50756e+28 4.357471458245957e+18 2.041215919495597e+34 
3.56870e+10 3.72351e+28 4.419377966248087e+18 2.141759424407215e+34 
3.74470e+10 3.95250e+28 4.481935623493331e+18 2.247255389353181e+34 
3.92937e+10 4.19513e+28 4.545104054894732e+18 2.357947589119910e+34 
4.12315e+10 4.45218e+28 4.608881662085657e+18 2.474091997047650e+34 
4.32650e+10 4.72462e+28 4.673298442602545e+18 2.595957417748901e+34 
4.53987e+10 5.01335e+28 4.738358105202714e+18 2.723825702288762e+34 
4.76378e+10 5.31925e+28 4.804046727483598e+18 2.857992351547924e+34 
4.99872e+10 5.64324e+28 4.870348788753709e+18 2.998767373101064e+34 
5.24526e+10 5.98642e+28 4.937275806688628e+18 3.146476395068113e+34 
5.50396e+10 6.35003e+28 5.004852903899732e+18 3.301461262541872e+34 
5.77543e+10 6.73525e+28 5.073081646591828e+18 3.464080360101519e+34 
6.06029e+10 7.14324e+28 5.141944467149157e+18 3.634709468258793e+34 
6.35920e+10 7.57521e+28 5.211427556659894e+18 3.813742910671459e+34 
6.67286e+10 8.03272e+28 5.281556774086634e+18 4.001594953066653e+34 
7.00200e+10 8.51742e+28 5.352362369590048e+18 4.198700328376408e+34 
7.34737e+10 9.03077e+28 5.423827134357491e+18 4.405514720151497e+34 
7.70979e+10 9.57405e+28 5.495901091467730e+18 4.622515926095278e+34 
8.09009e+10 1.01487e+29 5.568551992130944e+18 4.850205482239197e+34 
8.48915e+10 1.07566e+29 5.641800385815871e+18 5.089110391844013e+34 
8.90791e+10 1.13998e+29 5.715651118076044e+18 5.339783445705176e+34 
9.34733e+10 1.20802e+29 5.790095041073343e+18 5.602804076415530e+34 
9.80843e+10 1.27997e+29 5.865118751300863e+18 5.878779931874797e+34 
1.02923e+11 1.35605e+29 5.940720286943048e+18 6.168349057560112e+34 
1.08000e+11 1.43652e+29 6.016924822297040e+18 6.472181810954646e+34 
1.13328e+11 1.52164e+29 6.093737850856679e+18 6.790981081370040e+34 
1.18919e+11 1.61162e+29 6.171122586655448e+18 7.125483586126569e+34 
1.24785e+11 1.70668e+29 6.249026860599164e+18 7.476462036669674e+34 
1.30941e+11 1.80708e+29 6.327441077572199e+18 7.844728163658727e+34 
1.37401e+11 1.91315e+29 6.406392660512689e+18 8.231134589134574e+34 
1.44180e+11 2.02519e+29 6.485859322755023e+18 8.636575005967834e+34 
1.51293e+11 2.14341e+29 6.565769485198177e+18 9.061986145884693e+34 
1.58758e+11 2.26803e+29 6.646044795710874e+18 9.508350764548739e+34 
1.66590e+11 2.39936e+29 6.726662466788286e+18 9.976701652181757e+34 
1.74810e+11 2.53772e+29 6.807599664586203e+18 1.046812312388033e+35 
1.83435e+11 2.68345e+29 6.888841992138006e+18 1.098375151135628e+35 
1.92485e+11 2.83697e+29 6.970397693171049e+18 1.152477793596860e+35 
2.01982e+11 2.99870e+29 7.052278051219820e+18 1.209245241409887e+35 
2.11948e+11 3.16910e+29 7.134490376634481e+18 1.268808888109178e+35 
2.22406e+11 3.34869e+29 7.217056630816762e+18 1.331306600082563e+35 
2.33380e+11 3.53787e+29 7.299947379942363e+18 1.396882850033110e+35 
2.44896e+11 3.73701e+29 7.383094521825913e+18 1.465689106284160e+35 
2.56979e+11 3.94651e+29 7.466453230143927e+18 1.537884395373014e+35 
2.69660e+11 4.16659e+29 7.549906729416988e+18 1.613635846720769e+35 
2.82966e+11 4.39757e+29 7.633371527986004e+18 1.693118757298158e+35 
2.96929e+11 4.64080e+29 7.717130600480925e+18 1.776516917905618e+35 
3.11580e+11 4.89824e+29 7.801608462667323e+18 1.864023061657701e+35 
3.26956e+11 5.17108e+29 7.886929677878036e+18 1.955839500146479e+35 
3.43090e+11 5.46291e+29 7.973892870474545e+18 2.052178853838967e+35 
3.60020e+11 5.77277e+29 8.061898154089022e+18 2.153263651306999e+35 
3.77786e+11 6.08777e+29 8.147173250722267e+18 2.259326533046595e+35 
3.96428e+11 6.38865e+29 8.224814254940295e+18 2.370611606257476e+35 
4.15990e+11 6.66283e+29 8.292260592516890e+18 2.487376405203063e+35 
4.36517e+11 6.89176e+29 8.345948434741959e+18 2.609892519474741e+35 
4.58056e+11 7.06864e+29 8.385477499283832e+18 2.738443343435081e+35 
4.80657e+11 7.21184e+29 8.415960789320351e+18 2.873323639632300e+35 
5.04370e+11 7.34665e+29 8.443306773492114e+18 3.014841335826718e+35 
5.29250e+11 7.47365e+29 8.467853391733655e+18 3.163320142761697e+35 
5.55355e+11 7.59928e+29 8.490991562189917e+18 3.319097298758808e+35 
5.82743e+11 7.72856e+29 8.513683493403941e+18 3.482535083315619e+35 
6.11481e+11 7.85778e+29 8.535301338542454e+18 3.654023217343290e+35 
6.41638e+11 7.98619e+29 8.555769795846050e+18 3.833970380126432e+35 
6.73284e+11 8.13414e+29 8.578236178483161e+18 4.022797930102258e+35 
7.06493e+11 8.32094e+29 8.605263782360647e+18 4.220951894715793e+35 
7.41343e+11 8.54284e+29 8.635871232935549e+18 4.428885524736559e+35 
7.77910e+11 8.77856e+29 8.666871381405256e+18 4.647062489773300e+35 
8.16279e+11 9.01546e+29 8.696564787724075e+18 4.875977169751947e+35 
8.56538e+11 9.25883e+29 8.725635161590323e+18 5.116162685661073e+35 
8.98781e+11 9.50524e+29 8.753685222399060e+18 5.368171879763719e+35 
9.43104e+11 9.75982e+29 8.781301853338013e+18 5.632589802677354e+35 
9.89613e+11 1.00337e+30 8.809608858371178e+18 5.910033639821538e+35 
1.03841e+12 1.03297e+30 8.838771478997852e+18 6.201146515438657e+35 
1.08962e+12 1.06427e+30 8.868167153856204e+18 6.506600861252450e+35 
1.14335e+12 1.09732e+30 8.897734949843562e+18 6.827103860768121e+35 
1.19973e+12 1.13234e+30 8.927605756580705e+18 7.163394599832614e+35 
1.25889e+12 1.16966e+30 8.957934802809619e+18 7.516247613326037e+35 
1.32097e+12 1.20927e+30 8.988618524662459e+18 7.886479564165494e+35 
1.38610e+12 1.25097e+30 9.019396902795188e+18 8.274949426552193e+35 
1.45445e+12 1.29483e+30 9.050253498936001e+18 8.682555838093315e+35 
1.52617e+12 1.34126e+30 9.081385593300395e+18 9.110239583658148e+35 
1.60142e+12 1.39070e+30 9.112973813956096e+18 9.558987778764816e+35 
1.68038e+12 1.44303e+30 9.144837520998011e+18 1.002984014458482e+36 
1.76323e+12 1.49804e+30 9.176760336345616e+18 1.052388849189723e+36 
1.85016e+12 1.55603e+30 9.208833775817769e+18 1.104227495756328e+36 
1.94139e+12 1.61773e+30 9.241352622883895e+18 1.158619515163904e+36 
2.03711e+12 1.68373e+30 9.274507137155273e+18 1.215690463442526e+36 
2.13754e+12 1.75410e+30 9.308191102465473e+18 1.275572599190749e+36 
2.24293e+12 1.82902e+30 9.342370986304348e+18 1.338404580922384e+36 
2.35352e+12 1.90858e+30 9.376963199902962e+18 1.404331581710698e+36 
2.46955e+12 1.99272e+30 9.411829126230657e+18 1.473505758522969e+36 
2.59131e+12 2.08135e+30 9.446832703367602e+18 1.546087005374208e+36 
2.71907e+12 2.17407e+30 9.481726106728960e+18 1.622243545866203e+36 
2.85312e+12 2.27065e+30 9.516369169969119e+18 1.702151678916049e+36 
2.99379e+12 2.37193e+30 9.550989672193049e+18 1.785996029933170e+36 
3.14139e+12 2.47927e+30 9.585953221728821e+18 1.873970149099322e+36 
3.29626e+12 2.59308e+30 9.621286658839319e+18 1.966277508181634e+36 
3.45878e+12 2.71334e+30 9.656868985618977e+18 2.063131967167033e+36 
3.62930e+12 2.84040e+30 9.692692860327721e+18 2.164757574038516e+36 
3.80823e+12 2.97447e+30 9.728720558520945e+18 2.271389054359167e+36 
3.99598e+12 3.11573e+30 9.764897419075142e+18 2.383272622509509e+36 
4.19299e+12 3.26436e+30 9.801173560146696e+18 2.500667152066745e+36 
4.39971e+12 3.42039e+30 9.837464244671977e+18 2.623844529792857e+36 
4.61663e+12 3.58402e+30 9.873736777741021e+18 2.753089617373087e+36 
4.84423e+12 3.75579e+30 9.910024500580936e+18 2.888700947670762e+36 
5.08306e+12 3.93621e+30 9.946348188881506e+18 3.030991780362174e+36 
5.33366e+12 4.12521e+30 9.982611552183261e+18 3.180291466714566e+36 
5.59661e+12 4.32265e+30 1.001871646473698e+19 3.336945645371953e+36 
5.87253e+12 4.52879e+30 1.005463962162975e+19 3.501316493403951e+36 
6.16206e+12 4.74412e+30 1.009040233180193e+19 3.673783676740866e+36 
6.46585e+12 4.96901e+30 1.012599680250872e+19 3.854745755612063e+36 
6.78462e+12 5.20324e+30 1.016132840852974e+19 4.044621686243945e+36 
7.11911e+12 5.44671e+30 1.019633014109275e+19 4.243850885283101e+36 
7.47009e+12 5.69967e+30 1.023098634538883e+19 4.452893852727193e+36 
7.83837e+12 5.96253e+30 1.026530615207060e+19 4.672233455929207e+36 
8.22480e+12 6.23544e+30 1.029926572354400e+19 4.902376794006417e+36 
8.63028e+12 6.51821e+30 1.033279943949078e+19 5.143856712595089e+36 
9.05576e+12 6.81085e+30 1.036587162334758e+19 5.397231868393374e+36 
9.50221e+12 7.11352e+30 1.039847209363548e+19 5.663087812195369e+36 
9.97066e+12 7.42653e+30 1.043060144707498e+19 5.942038707512605e+36 
1.04622e+13 7.74999e+30 1.046224483099068e+19 6.234729721551038e+36 
1.09780e+13 8.08400e+30 1.049338392754869e+19 6.541838438610961e+36 
1.15192e+13 8.42878e+30 1.052401788376497e+19 6.864075175166857e+36 
1.20871e+13 8.78472e+30 1.055415757205482e+19 7.202184603423838e+36 
1.26829e+13 9.15237e+30 1.058382614181739e+19 7.556947992971241e+36 
1.33082e+13 9.53243e+30 1.061305585047362e+19 7.929186055212007e+36 
1.39643e+13 9.92586e+30 1.064189141497544e+19 8.319760092662580e+36 
1.46527e+13 1.03343e+31 1.067041902367434e+19 8.729573277022731e+36 
1.53750e+13 1.07600e+31 1.069876179019498e+19 9.159572912405820e+36 
1.61329e+13 1.12060e+31 1.072705059622686e+19 9.610753068401514e+36 
1.69282e+13 1.16746e+31 1.075538484135736e+19 1.008415735333098e+37 
1.77627e+13 1.21680e+31 1.078380980154305e+19 1.058088041279530e+37 
1.86384e+13 1.26901e+31 1.081248121936428e+19 1.110207109623790e+37 
1.95572e+13 1.32480e+31 1.084167144794209e+19 1.164893447984166e+37 
2.05213e+13 1.38502e+31 1.087170524714652e+19 1.222273497963340e+37 
2.15329e+13 1.45069e+31 1.090291147360970e+19 1.282479978515182e+37 
2.25943e+13 1.52294e+31 1.093563227086602e+19 1.345652107839295e+37 
2.37081e+13 1.60306e+31 1.097021463407382e+19 1.411935927526330e+37 
2.48769e+13 1.69280e+31 1.100712543016112e+19 1.481484749903980e+37 
2.61032e+13 1.79420e+31 1.104687022916552e+19 1.554459408323170e+37 
2.73900e+13 1.90964e+31 1.108998943850286e+19 1.631028609585771e+37 
2.87402e+13 2.04205e+31 1.113712503934109e+19 1.711369453160264e+37 
3.01571e+13 2.19495e+31 1.118899375260498e+19 1.795667707284978e+37 
3.16438e+13 2.37251e+31 1.124639452603174e+19 1.884118306826301e+37 
3.32039e+13 2.57963e+31 1.131020431460125e+19 1.976925797067472e+37 
3.48409e+13 2.82208e+31 1.138138571903882e+19 2.074304765072496e+37 
3.65587e+13 3.10664e+31 1.146100145765621e+19 2.176480410140117e+37 
3.83613e+13 3.44120e+31 1.155020226153746e+19 2.283688999489280e+37 
4.02529e+13 3.83503e+31 1.165026529353900e+19 2.396178453769515e+37 
4.22378e+13 4.29893e+31 1.176258449174553e+19 2.514208886974712e+37 
4.43209e+13 4.84522e+31 1.188862506383264e+19 2.638053228336099e+37 
4.65069e+13 5.48823e+31 1.202999768747768e+19 2.767997863995118e+37 
4.88009e+13 6.24487e+31 1.218851832796475e+19 2.904343287647902e+37 
5.12084e+13 7.13446e+31 1.236610754132782e+19 3.047404796672789e+37 
5.37350e+13 8.17913e+31 1.256482785580969e+19 3.197513206282555e+37 
5.63867e+13 9.40431e+31 1.278689085407791e+19 3.355015597141110e+37 
5.91697e+13 1.08388e+32 1.303461647735790e+19 3.520276204918932e+37 
6.20906e+13 1.25156e+32 1.331053425871002e+19 3.693677197914349e+37 
6.51564e+13 1.44726e+32 1.361732133379136e+19 3.875619524663166e+37 
6.83744e+13 1.67520e+32 1.395777686411216e+19 4.066523912944974e+37 
7.17523e+13 1.94017e+32 1.433479494215355e+19 4.266831862848632e+37 
7.52981e+13 2.24746e+32 1.475133860183273e+19 4.477006514186902e+37 
7.90204e+13 2.60298e+32 1.521040068720234e+19 4.697533902094884e+37 
8.29281e+13 3.01299e+32 1.571471118505857e+19 4.928924001517550e+37 
8.70307e+13 3.48394e+32 1.626648576694757e+19 5.171711789995860e+37 
9.13382e+13 4.01653e+32 1.686085829443520e+19 5.426458725551561e+37 
9.58610e+13 4.60102e+32 1.748203198805317e+19 5.693760280061677e+37 
1.00610e+14 5.31502e+32 1.820453447595631e+19 5.974227798695854e+37 
1.05597e+14 6.16150e+32 1.902029077130157e+19 6.268507138204555e+37 
1.10835e+14 7.13633e+32 1.991484696850500e+19 6.577279161496280e+37 
1.16337e+14 8.25825e+32 2.089502325304325e+19 6.901258691679638e+37 
1.22116e+14 9.54795e+32 2.196766583597576e+19 7.241197990441706e+37 
1.28187e+14 1.10290e+33 2.314013969661931e+19 7.597887072737791e+37 
1.34566e+14 1.27280e+33 2.442030944782011e+19 7.972140088511425e+37 
1.41270e+14 1.46754e+33 2.581665225078832e+19 8.364833286427041e+37 
1.48315e+14 1.69055e+33 2.733820094275079e+19 8.776864519231353e+37 
1.55720e+14 1.94576e+33 2.899474448352928e+19 9.209188864411110e+37 
1.63505e+14 2.23768e+33 3.079716101649400e+19 9.662819364501611e+37 
1.71690e+14 2.57141e+33 3.275691776263960e+19 1.013878884743801e+38 
1.80298e+14 2.95288e+33 3.488701064298117e+19 1.063819992605721e+38 
1.89353e+14 3.38778e+33 3.719587529815937e+19 1.116220915628399e+38 
1.98878e+14 3.86744e+33 3.961650367440450e+19 1.171204193608016e+38 
2.08901e+14 4.40462e+33 4.219287745623047e+19 1.228894696344246e+38 
2.19449e+14 5.01168e+33 4.495940089352969e+19 1.289427784477883e+38 
2.30551e+14 5.70104e+33 4.794392470728357e+19 1.352941932107718e+38 
2.42241e+14 6.48706e+33 5.117587284593506e+19 1.419585329061149e+38 
2.54552e+14 7.38692e+33 5.468896626154935e+19 1.489509701712454e+38 
2.67524e+14 8.42151e+33 5.852267865915511e+19 1.562880835885773e+38 
2.81194e+14 9.61667e+33 6.272452459703065e+19 1.639864313429598e+38 
2.95609e+14 1.10046e+34 6.735233614607465e+19 1.720639840044853e+38 
3.10816e+14 1.26260e+34 7.247651533300647e+19 1.805395388885227e+38 
3.26869e+14 1.45321e+34 7.818316815758824e+19 1.894324480263509e+38 
3.43825e+14 1.67879e+34 8.457630551983281e+19 1.987634439951157e+38 
3.61753e+14 1.94755e+34 9.178068061600796e+19 2.085541781575730e+38 
3.80724e+14 2.26972e+34 9.994110782713746e+19 2.188270842477653e+38 
4.00824e+14 2.65793e+34 1.092221614913694e+20 2.296059966899133e+38 
4.22148e+14 3.12726e+34 1.197980747576097e+20 2.409159032576432e+38 
4.44805e+14 3.69531e+34 1.318451943607968e+20 2.527827953054711e+38 
4.68921e+14 4.38174e+34 1.455223365334061e+20 2.652343125186280e+38 
4.94638e+14 5.20752e+34 1.609520563493985e+20 2.782992730288180e+38 
5.22119e+14 6.19417e+34 1.782060555469078e+20 2.920083897871700e+38 
5.51539e+14 7.36293e+34 1.972960272645465e+20 3.063910122573077e+38 
5.83107e+14 8.73419e+34 2.181733407476789e+20 3.214842029539897e+38 
6.17038e+14 1.03276e+35 2.407420553105751e+20 3.373190332679570e+38 
6.53578e+14 1.21620e+35 2.648713448087272e+20 3.539343748877033e+38 
6.92996e+14 1.42566e+35 2.904146362341140e+20 3.713687993212364e+38 
7.35576e+14 1.66312e+35 3.172212100073419e+20 3.896613235135258e+38 
7.81637e+14 1.93068e+35 3.451440616507878e+20 4.088549350412713e+38 
8.31524e+14 2.23066e+35 3.740539467944393e+20 4.289958517616013e+38 
8.85599e+14 2.56560e+35 4.038289668473730e+20 4.501258176827966e+38 
9.44280e+14 2.93836e+35 4.343690005962638e+20 4.722988559210266e+38 
1.00800e+15 3.35207e+35 4.655817005260502e+20 4.955621749950460e+38 
1.07725e+15 3.81027e+35 4.973936575060354e+20 5.199733945468967e+38 
1.15255e+15 4.31687e+35 5.297387578967714e+20 5.455871694047954e+38 
1.23447e+15 4.87619e+35 5.625626906173393e+20 5.724592639687196e+38 
1.32366e+15 5.49306e+35 5.958185455660642e+20 6.006576637671766e+38 
1.42078e+15 6.17279e+35 6.294671009231011e+20 6.302464662028555e+38 
1.52659e+15 6.92122e+35 6.634733210921769e+20 6.612882662361169e+38 
1.64193e+15 7.74488e+35 6.978098028519703e+20 6.938636328173905e+38 
1.76768e+15 8.65088e+35 7.324507935406581e+20 7.280411895337443e+38 
1.90483e+15 9.64711e+35 7.673755241715285e+20 7.639039769615285e+38 
2.05446e+15 1.07422e+36 8.025653754362115e+20 8.015313306318658e+38 
2.21774e+15 1.19458e+36 8.380041620218097e+20 8.410114671118572e+38 
2.39600e+15 1.32684e+36 8.736777295209031e+20 8.824379598777282e+38 
2.59063e+15 1.47214e+36 9.095734207120427e+20 9.259064113122385e+38 
2.80319e+15 1.63177e+36 9.456822610869925e+20 9.715140828682147e+38 
3.03540e+15 1.80711e+36 9.819891685669515e+20 1.019369007776604e+39 
3.28911e+15 1.99973e+36 1.018492494361576e+21 1.069581949570659e+39 
3.56638e+15 2.21129e+36 1.055178815997557e+21 1.122265986826061e+39 
3.86947e+15 2.44366e+36 1.092041098638762e+21 1.177547186762842e+39 
4.20082e+15 2.69891e+36 1.129078681581408e+21 1.235549570087314e+39 
4.56318e+15 2.97925e+36 1.166279922918293e+21 1.296412415676817e+39 
4.95946e+15 3.28717e+36 1.203638899343424e+21 1.360268562040656e+39 
5.39295e+15 3.62542e+36 1.241155294673779e+21 1.427271680579440e+39 
5.86725e+15 3.99696e+36 1.278821119914982e+21 1.497578126804623e+39 
6.38622e+15 4.40510e+36 1.316633567439722e+21 1.571342589893996e+39 
6.95424e+15 4.85344e+36 1.354586361774271e+21 1.648747288057190e+39 
7.57595e+15 5.34596e+36 1.392676043144821e+21 1.729958964834757e+39 
8.25660e+15 5.88709e+36 1.430902066002498e+21 1.815172837842976e+39 
9.00185e+15 6.48156e+36 1.469255388777954e+21 1.904582805983629e+39 
9.81797e+15 7.13472e+36 1.507736245345756e+21 1.998399279061091e+39 
