500
1.26107e+05 7.83812e+20 9.999999999999999e-01 7.596868838950790e+28 
1.32319e+05 8.47837e+20 4.955332840019839e+14 7.971073417717622e+28 
1.38837e+05 9.17076e+20 1.006263205790260e+15 8.363710471131655e+28 
1.45676e+05 9.91942e+20 1.532573035163472e+15 8.775687940367335e+28 
1.52851e+05 1.07288e+21 2.074857113242696e+15 9.207958489417950e+28 
1.60380e+05 1.16037e+21 2.633522937426509e+15 9.661521708001258e+28 
1.68280e+05 1.25493e+21 3.208993376773802e+15 1.013742642298344e+29 
1.76570e+05 1.35712e+21 3.801708929638723e+15 1.063677312367375e+29 
1.85267e+05 1.46755e+21 4.412129863832198e+15 1.116071650660976e+29 
1.94393e+05 1.58687e+21 5.040738001296187e+15 1.171046814573348e+29 
2.03969e+05 1.71579e+21 5.688040173576703e+15 1.228729929401453e+29 
2.14016e+05 1.85509e+21 6.354609327828443e+15 1.289254382075672e+29 
2.24558e+05 2.00560e+21 7.041003315113765e+15 1.352760130098970e+29 
2.35619e+05 2.16819e+21 7.747683142040919e+15 1.419394025808040e+29 
2.47225e+05 2.34379e+21 8.475084921743972e+15 1.489310155623868e+29 
2.59403e+05 2.53343e+21 9.223781984855344e+15 1.562670195381058e+29 
2.72181e+05 2.73827e+21 9.994488343496872e+15 1.639643784873250e+29 
2.85588e+05 2.95950e+21 1.078780917756263e+16 1.720408919450923e+29 
2.99656e+05 3.19838e+21 1.160423280483364e+16 1.805152360529787e+29 
3.14416e+05 3.45628e+21 1.244424696223419e+16 1.894070068494741e+29 
3.29904e+05 3.73471e+21 1.330855049602399e+16 1.987367657939392e+29 
3.46154e+05 4.03533e+21 1.419794987449720e+16 2.085260871476556e+29 
3.63205e+05 4.35988e+21 1.511307154947924e+16 2.187976079060440e+29 
3.81096e+05 4.71017e+21 1.605439764784275e+16 2.295750802205469e+29 
3.99868e+05 5.08816e+21 1.702245461520568e+16 2.408834262342656e+29 
4.19565e+05 5.49605e+21 1.801807231760376e+16 2.527487956333056e+29 
4.40232e+05 5.93625e+21 1.904210294105722e+16 2.651986262456380e+29 
4.61918e+05 6.41124e+21 2.009517678079246e+16 2.782617071889323e+29 
4.84671e+05 6.92360e+21 2.117779245988723e+16 2.919682454452558e+29 
5.08545e+05 7.47618e+21 2.229056797411806e+16 3.063499360095617e+29 
5.33595e+05 8.07218e+21 2.343445013890045e+16 3.214400353691732e+29 
5.59880e+05 8.71503e+21 2.461031400726544e+16 3.372734380516593e+29 
5.87458e+05 9.40827e+21 2.581883776474403e+16 3.538867575257844e+29 
6.16396e+05 1.01557e+22 2.706062068225238e+16 3.713184108632111e+29 
6.46759e+05 1.09614e+22 2.833645353655560e+16 3.896087074243684e+29 
6.78617e+05 1.18302e+22 2.964745825674413e+16 4.087999421704451e+29 
7.12045e+05 1.27668e+22 3.099456154746222e+16 4.289364933434061e+29 
7.47119e+05 1.37763e+22 3.237835896127403e+16 4.500649247534608e+29 
7.83922e+05 1.48640e+22 3.379935498953641e+16 4.722340936633148e+29 
8.22537e+05 1.60359e+22 3.525845304083574e+16 4.954952643408255e+29 
8.63054e+05 1.72987e+22 3.675685879092353e+16 5.199022264431670e+29 
9.05567e+05 1.86592e+22 3.829547346712608e+16 5.455114189600888e+29 
9.50174e+05 2.01247e+22 3.987493779817687e+16 5.723820608628955e+29 
9.96979e+05 2.17027e+22 4.149589879203340e+16 6.005762881307371e+29 
1.04609e+06 2.34020e+22 4.315946903296626e+16 6.301592976206580e+29 
1.09762e+06 2.52320e+22 4.486693676306481e+16 6.611994977719528e+29 
1.15169e+06 2.72026e+22 4.661917175586577e+16 6.937686663764311e+29 
1.20842e+06 2.93236e+22 4.841672816518528e+16 7.279421165680421e+29 
1.26794e+06 3.16061e+22 5.026027874478498e+16 7.637988713219908e+29 
1.33040e+06 3.40625e+22 5.215114962952168e+16 8.014218467702841e+29 
1.39593e+06 3.67062e+22 5.409064467223888e+16 8.408980433158229e+29 
1.46470e+06 3.95509e+22 5.607959990191183e+16 8.823187459679233e+29 
1.53685e+06 4.26108e+22 5.811859167707179e+16 9.257797356332790e+29 
1.61255e+06 4.59015e+22 6.020847403337927e+16 9.713815115690045e+29 
1.69198e+06 4.94410e+22 6.235079919186464e+16 1.019229524483458e+30 
1.77533e+06 5.32480e+22 6.454688557171955e+16 1.069434418935182e+30 
1.86278e+06 5.73417e+22 6.679748662061578e+16 1.122112289064977e+30 
1.95454e+06 6.17421e+22 6.910312391866039e+16 1.177384947348402e+30 
2.05082e+06 6.64716e+22 7.146484850388166e+16 1.235380207017440e+30 
2.15184e+06 7.15557e+22 7.388443406795787e+16 1.296232178184842e+30 
2.25784e+06 7.70205e+22 7.636314324346131e+16 1.360081575994217e+30 
2.36906e+06 8.28927e+22 7.890159102126147e+16 1.427076045202302e+30 
2.48576e+06 8.92004e+22 8.150025190082272e+16 1.497370502654976e+30 
2.60821e+06 9.59754e+22 8.416044623096678e+16 1.571127498065698e+30 
2.73669e+06 1.03254e+23 8.688405054288090e+16 1.648517589021209e+30 
2.87150e+06 1.11072e+23 8.967222526880235e+16 1.729719733256054e+30 
3.01295e+06 1.19466e+23 9.252551736927451e+16 1.814921702959357e+30 
3.16136e+06 1.28477e+23 9.544452112070138e+16 1.904320519767531e+30 
3.31709e+06 1.38150e+23 9.843093105691709e+16 1.998122912169328e+30 
3.48049e+06 1.48536e+23 1.014866999435849e+17 2.096545792777757e+30 
3.65194e+06 1.59684e+23 1.046128619169742e+17 2.199816755293713e+30 
3.83184e+06 1.71646e+23 1.078098156209594e+17 2.308174600976670e+30 
4.02060e+06 1.84478e+23 1.110782758028819e+17 2.421869894892745e+30 
4.21865e+06 1.98245e+23 1.144203640534796e+17 2.541165550600490e+30 
4.42646e+06 2.13017e+23 1.178380320679255e+17 2.666337431153274e+30 
4.64451e+06 2.28864e+23 1.213320753896070e+17 2.797674982944219e+30 
4.87330e+06 2.45855e+23 1.249026660338830e+17 2.935481906765986e+30 
5.11337e+06 2.64070e+23 1.285507166941793e+17 3.080076865928417e+30 
5.36525e+06 2.83601e+23 1.322786656082325e+17 3.231794226834786e+30 
5.62955e+06 3.04543e+23 1.360883010296955e+17 3.390984823261429e+30 
5.90686e+06 3.26992e+23 1.399803253598964e+17 3.558016766392026e+30 
6.19784e+06 3.51047e+23 1.439550572376141e+17 3.733276298361594e+30 
6.50315e+06 3.76822e+23 1.480139516586751e+17 3.917168691504934e+30 
6.82350e+06 4.04446e+23 1.521598274216234e+17 4.110119188127581e+30 
7.15964e+06 4.34051e+23 1.563943436291112e+17 4.312573970774957e+30 
7.51233e+06 4.65766e+23 1.607177809983954e+17 4.525001190610229e+30 
7.88239e+06 4.99729e+23 1.651301960881105e+17 4.747892056738074e+30 
8.27069e+06 5.36099e+23 1.696335569328811e+17 4.981761988033310e+30 
8.67811e+06 5.75056e+23 1.742308017354988e+17 5.227151800377205e+30 
9.10561e+06 6.16780e+23 1.789233150674250e+17 5.484628934072272e+30 
9.55417e+06 6.61449e+23 1.837112552332346e+17 5.754788766080171e+30 
1.00248e+07 7.09257e+23 1.885949819743413e+17 6.038256000808624e+30 
1.05187e+07 7.60431e+23 1.935771600621447e+17 6.335686138452304e+30 
1.10368e+07 8.15219e+23 1.986607449770811e+17 6.647766969593694e+30 
1.15805e+07 8.73865e+23 2.038468249492859e+17 6.975220147581541e+30 
1.21510e+07 9.36614e+23 2.091352805381364e+17 7.318802862357895e+30 
1.27496e+07 1.00374e+24 2.145267677386831e+17 7.679309608354934e+30 
1.33777e+07 1.07556e+24 2.200246978751561e+17 8.057574044492508e+30 
1.40367e+07 1.15242e+24 2.256319047403666e+17 8.454470888961754e+30 
1.47281e+07 1.23464e+24 2.313490364617410e+17 8.870917914416129e+30 
1.54537e+07 1.32257e+24 2.371756578308080e+17 9.307878081952146e+30 
1.62150e+07 1.41658e+24 2.431129218910970e+17 9.766361810035080e+30 
1.70138e+07 1.51712e+24 2.491647563537066e+17 1.024742933648889e+31 
1.78519e+07 1.62466e+24 2.553336509306414e+17 1.075219309789562e+31 
1.87313e+07 1.73965e+24 2.616200156219391e+17 1.128182028366397e+31 
1.96541e+07 1.86255e+24 2.680236163244790e+17 1.183753555919510e+31 
2.06223e+07 1.99391e+24 2.745465746299638e+17 1.242062396279598e+31 
2.16382e+07 2.13436e+24 2.811933078745030e+17 1.303243388002628e+31 
2.27042e+07 2.28451e+24 2.879659709680878e+17 1.367438006779672e+31 
2.38227e+07 2.44499e+24 2.948643666241563e+17 1.434794692078451e+31 
2.49963e+07 2.61644e+24 3.018880841396515e+17 1.505469194497833e+31 
2.62277e+07 2.79962e+24 3.090402466894320e+17 1.579624944936238e+31 
2.75197e+07 2.99539e+24 3.163253536265321e+17 1.657433428746812e+31 
2.88755e+07 3.20461e+24 3.237450696142664e+17 1.739074569753610e+31 
3.02980e+07 3.42811e+24 3.312989412156883e+17 1.824737146869263e+31 
3.17906e+07 3.66678e+24 3.389870745494177e+17 1.914619239146812e+31 
3.33567e+07 3.92173e+24 3.468137296617235e+17 2.008928697802433e+31 
3.50000e+07 4.19412e+24 3.547832701056051e+17 2.107883613062192e+31 
3.67243e+07 4.48509e+24 3.628968289517736e+17 2.211712804138959e+31 
3.85335e+07 4.79579e+24 3.711535936037868e+17 2.320656351922386e+31 
4.04318e+07 5.12748e+24 3.795543392093592e+17 2.434966169513338e+31 
4.24237e+07 5.48169e+24 3.881043810670018e+17 2.554906600184926e+31 
4.45137e+07 5.86002e+24 3.968077189473217e+17 2.680755002041729e+31 
4.67066e+07 6.26402e+24 4.056649915633976e+17 2.812802378448008e+31 
4.90076e+07 6.69524e+24 4.146753367200057e+17 2.951354058374572e+31 
5.14220e+07 7.15549e+24 4.238406854027404e+17 3.096730425265094e+31 
5.39553e+07 7.64691e+24 4.331672806666556e+17 3.249267669550127e+31 
5.66135e+07 8.17165e+24 4.426585987883892e+17 3.409318525655501e+31 
5.94026e+07 8.73178e+24 4.523143064168429e+17 3.577253077694870e+31 
6.23291e+07 9.32943e+24 4.621330270981975e+17 3.753459630818641e+31 
6.53998e+07 9.96713e+24 4.721178579740658e+17 3.938345649433200e+31 
6.86218e+07 1.06478e+25 4.822750982635589e+17 4.132338697025775e+31 
7.20025e+07 1.13743e+25 4.926075198606449e+17 4.335887365106472e+31 
7.55498e+07 1.21496e+25 5.031149144226044e+17 4.549462307408451e+31 
7.92719e+07 1.29765e+25 5.137971073642829e+17 4.773557357749018e+31 
8.31774e+07 1.38588e+25 5.246590660153856e+17 5.008690732196888e+31 
8.72753e+07 1.48005e+25 5.357074603733730e+17 5.255406191092744e+31 
9.15751e+07 1.58054e+25 5.469442160975794e+17 5.514274230531432e+31 
9.60867e+07 1.68774e+25 5.583677147615220e+17 5.785893409814020e+31 
1.00821e+08 1.80205e+25 5.699776038465788e+17 6.070891783931878e+31 
1.05788e+08 1.92399e+25 5.817803570356604e+17 6.369928428108620e+31 
1.11000e+08 2.05409e+25 5.937818740414236e+17 6.683694879701803e+31 
1.16469e+08 2.19287e+25 6.059836797439594e+17 7.012916666053044e+31 
1.22207e+08 2.34088e+25 6.183849535296933e+17 7.358355004313611e+31 
1.28228e+08 2.49870e+25 6.309874193431700e+17 7.720808649787888e+31 
1.34545e+08 2.66704e+25 6.437991819921174e+17 8.101115822497954e+31 
1.41174e+08 2.84665e+25 6.568258994783320e+17 8.500155987177202e+31 
1.48130e+08 3.03821e+25 6.700674487001777e+17 8.918851823357468e+31 
1.55428e+08 3.24243e+25 6.835212702394451e+17 9.358171408487165e+31 
1.63086e+08 3.46013e+25 6.971899405058866e+17 9.819130604845961e+31 
1.71121e+08 3.69230e+25 7.110820769908342e+17 1.030279545259935e+32 
1.79552e+08 3.93990e+25 7.252020708466898e+17 1.081028440370012e+32 
1.88398e+08 4.20390e+25 7.395500391825978e+17 1.134277087720959e+32 
1.97681e+08 4.48529e+25 7.541253014038961e+17 1.190148605788019e+32 
2.07420e+08 4.78526e+25 7.689330944495799e+17 1.248772195271454e+32 
2.17640e+08 5.10516e+25 7.839827026796991e+17 1.310283433988609e+32 
2.28363e+08 5.44628e+25 7.992776687399090e+17 1.374824560267743e+32 
2.39615e+08 5.80992e+25 8.148163328994222e+17 1.442544801301203e+32 
2.51421e+08 6.19743e+25 8.305973648266856e+17 1.513600734844183e+32 
2.63809e+08 6.61047e+25 8.466281880982801e+17 1.588156682965798e+32 
2.76807e+08 7.05085e+25 8.629176325451910e+17 1.666385068965613e+32 
2.90446e+08 7.52034e+25 8.794681145298670e+17 1.748466781560349e+32 
3.04757e+08 8.02068e+25 8.962778593793290e+17 1.834591598429091e+32 
3.19773e+08 8.55379e+25 9.133472715640513e+17 1.924958654002158e+32 
3.35529e+08 9.12198e+25 9.306858048022427e+17 2.019776937570783e+32 
3.52061e+08 9.72771e+25 9.483015666504767e+17 2.119265726780083e+32 
3.69408e+08 1.03733e+26 9.661958536384294e+17 2.223655064139766e+32 
3.87610e+08 1.10612e+26 9.843664079372479e+17 2.333186301956896e+32 
4.06709e+08 1.17941e+26 1.002815465858251e+18 2.448112705716320e+32 
4.26749e+08 1.25751e+26 1.021554284975651e+18 2.568700074738887e+32 
4.47777e+08 1.34077e+26 1.040589982087354e+18 2.695227274708965e+32 
4.69841e+08 1.42949e+26 1.059922732431624e+18 2.827986853271623e+32 
4.92992e+08 1.52400e+26 1.079550223760492e+18 2.967285744196989e+32 
5.17284e+08 1.62468e+26 1.099477224564425e+18 3.113446056913727e+32 
5.42773e+08 1.73197e+26 1.119716093674232e+18 3.266805833615808e+32 
5.69518e+08 1.84632e+26 1.140272564021636e+18 3.427719712169144e+32 
5.97582e+08 1.96815e+26 1.161145280827282e+18 3.596559735452047e+32 
6.27028e+08 2.09791e+26 1.182331793764524e+18 3.773716258914157e+32 
6.57926e+08 2.23613e+26 1.203839596817591e+18 3.959598962616777e+32 
6.90346e+08 2.38340e+26 1.225681112192261e+18 4.154637762031441e+32 
7.24364e+08 2.54033e+26 1.247859754900782e+18 4.359283657275950e+32 
7.60058e+08 2.70745e+26 1.270371618056107e+18 4.574009780057968e+32 
7.97512e+08 2.88539e+26 1.293213813635137e+18 4.799312575400633e+32 
8.36812e+08 3.07488e+26 1.316395831547584e+18 5.035713103500999e+32 
8.78048e+08 3.27670e+26 1.339927691239145e+18 5.283758111096287e+32 
9.21317e+08 3.49165e+26 1.363811858921802e+18 5.544021138365207e+32 
9.66718e+08 3.72049e+26 1.388046445298262e+18 5.817103876657594e+32 
1.01436e+09 3.96410e+26 1.412632856618210e+18 6.103637710439286e+32 
1.06434e+09 4.22351e+26 1.437583541798502e+18 6.404285350792165e+32 
1.11679e+09 4.49978e+26 1.462908643265161e+18 6.719742104527787e+32 
1.17183e+09 4.79396e+26 1.488608899500588e+18 7.050737346862633e+32 
1.22958e+09 5.10711e+26 1.514680457540371e+18 7.398036279466873e+32 
1.29017e+09 5.44041e+26 1.541126701587244e+18 7.762441936147046e+32 
1.35375e+09 5.79530e+26 1.567963463434214e+18 8.144797180640113e+32 
1.42047e+09 6.17323e+26 1.595199666978447e+18 8.545986247184274e+32 
1.49047e+09 6.57558e+26 1.622834004814253e+18 8.966936677915436e+32 
1.56392e+09 7.00377e+26 1.650861991289498e+18 9.408621608413735e+32 
1.64100e+09 7.45950e+26 1.679290544369312e+18 9.872062400048592e+32 
1.72187e+09 7.94470e+26 1.708136514421833e+18 1.035833101570686e+33 
1.80673e+09 8.46132e+26 1.737406782146354e+18 1.086855193170158e+33 
1.89577e+09 9.01120e+26 1.767098770574977e+18 1.140390469714646e+33 
1.98920e+09 9.59633e+26 1.797209238772004e+18 1.196562691610718e+33 
2.08724e+09 1.02191e+27 1.827749553483357e+18 1.255501766214085e+33 
2.19011e+09 1.08820e+27 1.858736540902259e+18 1.317344021407991e+33 
2.29805e+09 1.15878e+27 1.890174721879358e+18 1.382232454933578e+33 
2.41131e+09 1.23389e+27 1.922059333738682e+18 1.450317070160830e+33 
2.53015e+09 1.31380e+27 1.954388085812963e+18 1.521755266953457e+33 
2.65485e+09 1.39885e+27 1.987176399130267e+18 1.596712276008200e+33 
2.78570e+09 1.48937e+27 2.020439438122067e+18 1.675361469349144e+33 
2.92300e+09 1.58572e+27 2.054178946221369e+18 1.757884694061595e+33 
3.06707e+09 1.68823e+27 2.088388719243495e+18 1.844472710667888e+33 
3.21824e+09 1.79727e+27 2.123069105647549e+18 1.935325708721342e+33 
3.37686e+09 1.91330e+27 2.158238271434976e+18 2.030653845002019e+33 
3.54330e+09 2.03678e+27 2.193908756575587e+18 2.130677597231452e+33 
3.71795e+09 2.16818e+27 2.230080633031833e+18 2.235628214418074e+33 
3.90121e+09 2.30794e+27 2.266748591096743e+18 2.345748289962506e+33 
4.09350e+09 2.45659e+27 2.303917892906365e+18 2.461292444327759e+33 
4.29527e+09 2.61477e+27 2.341609101186416e+18 2.582527966282914e+33 
4.50699e+09 2.78309e+27 2.379832841979865e+18 2.709735230990431e+33 
4.72915e+09 2.96216e+27 2.418586906479078e+18 2.843208310112973e+33 
4.96226e+09 3.15260e+27 2.457865762501140e+18 2.983255723060975e+33 
5.20686e+09 3.35515e+27 2.497679746936716e+18 3.130201333674606e+33 
5.46352e+09 3.57067e+27 2.538051665108688e+18 3.284385080334170e+33 
5.73284e+09 3.79997e+27 2.578987753571588e+18 3.446163503770434e+33 
6.01544e+09 4.04384e+27 2.620478270957492e+18 3.615910563479377e+33 
6.31197e+09 4.30309e+27 2.662512802183870e+18 3.794018630291007e+33 
6.62312e+09 4.57872e+27 2.705104478365865e+18 3.980899652314325e+33 
6.94961e+09 4.87185e+27 2.748270892091510e+18 4.176985947721150e+33 
7.29220e+09 5.18354e+27 2.792013332923748e+18 4.382730909502027e+33 
7.65169e+09 5.51483e+27 2.836322455200181e+18 4.598610087345015e+33 
8.02889e+09 5.86686e+27 2.881193122711193e+18 4.825122510528167e+33 
8.42470e+09 6.24101e+27 2.926640828756558e+18 5.062792161869821e+33 
8.84003e+09 6.63870e+27 2.972679160720881e+18 5.312168812210905e+33 
9.27583e+09 7.06137e+27 3.019309849269293e+18 5.573829015446406e+33 
9.73313e+09 7.51048e+27 3.066528735866129e+18 5.848377535488669e+33 
1.02130e+10 7.98765e+27 3.114339610778742e+18 6.136449101381773e+33 
1.07165e+10 8.49479e+27 3.162766528389722e+18 6.438710182047399e+33 
1.12448e+10 9.03389e+27 3.211825441538783e+18 6.755859897128939e+33 
1.17992e+10 9.60680e+27 3.261510388966305e+18 7.088631400694243e+33 
1.23810e+10 1.02153e+28 3.311806224634792e+18 7.437793770572456e+33 
1.29914e+10 1.08617e+28 3.362717833317876e+18 7.804154363992758e+33 
1.36319e+10 1.15486e+28 3.414273191596711e+18 8.188560849250849e+33 
1.43040e+10 1.22784e+28 3.466482650098046e+18 8.591902247032190e+33 
1.50093e+10 1.30537e+28 3.519338261014422e+18 9.015110852797562e+33 
1.57493e+10 1.38770e+28 3.572828442195579e+18 9.459164746564958e+33 
1.65259e+10 1.47514e+28 3.626965558378630e+18 9.925090914285588e+33 
1.73407e+10 1.56803e+28 3.681775552637583e+18 1.041396741425073e+34 
1.81957e+10 1.66671e+28 3.737264132784867e+18 1.092692473116133e+34 
1.90929e+10 1.77150e+28 3.793420231333929e+18 1.146514839810718e+34 
2.00344e+10 1.88275e+28 3.850233725966055e+18 1.202988235774003e+34 
2.10223e+10 2.00088e+28 3.907725098658729e+18 1.262243300547756e+34 
2.20589e+10 2.12635e+28 3.965921317142176e+18 1.324417132778341e+34 
2.31466e+10 2.25958e+28 4.024811115350760e+18 1.389653481947549e+34 
2.42880e+10 2.40094e+28 4.084355105702337e+18 1.458103101960021e+34 
2.54857e+10 2.55083e+28 4.144525259265440e+18 1.529924208789071e+34 
2.67425e+10 2.70978e+28 4.205333464500817e+18 1.605282984915805e+34 
2.80613e+10 2.87832e+28 4.266782537982454e+18 1.684353775005761e+34 
2.94451e+10 3.05706e+28 4.328881929855029e+18 1.767319372286008e+34 
3.08972e+10 3.24663e+28 4.391649593002574e+18 1.854371488391624e+34 
3.24209e+10 3.44772e+28 4.455104257634882e+18 1.945711371502388e+34 
3.40198e+10 3.66113e+28 4.519275294726930e+18 2.041550392198144e+34 
3.56976e+10 3.88764e+28 4.584187592411047e+18 2.142110236820132e+34 
3.74581e+10 4.12801e+28 4.649832868865065e+18 2.247623340777223e+34 
3.93055e+10 4.38298e+28 4.716189681139695e+18 2.358333518242771e+34 
4.12441e+10 4.65345e+28 4.783271937623540e+18 2.474496783400338e+34 
4.32782e+10 4.94058e+28 4.851137198560980e+18 2.596381985778920e+34 
4.54128e+10 5.24537e+28 4.919791982054000e+18 2.724271016508961e+34 
4.76526e+10 5.56862e+28 4.989180411141825e+18 2.858459411364512e+34 
5.00030e+10 5.91107e+28 5.059233463641834e+18 2.999257220053345e+34 
5.24693e+10 6.27381e+28 5.129948627188624e+18 3.146990136667337e+34 
5.50573e+10 6.65803e+28 5.201328595835811e+18 3.302000090537846e+34 
5.77730e+10 7.06497e+28 5.273376635142599e+18 3.464645534797403e+34 
6.06226e+10 7.49611e+28 5.346117527283298e+18 3.635302294835815e+34 
6.36129e+10 7.95300e+28 5.419579263419647e+18 3.814364732954685e+34 
6.67508e+10 8.43727e+28 5.493782910005461e+18 4.002247182101013e+34 
7.00435e+10 8.95077e+28 5.568764752853576e+18 4.199384440444975e+34 
7.34986e+10 9.49511e+28 5.644511987417481e+18 4.406232268498161e+34 
7.71243e+10 1.00717e+29 5.720971389053393e+18 4.623268559127479e+34 
8.09288e+10 1.06821e+29 5.798111588647281e+18 4.850994948319706e+34 
8.49211e+10 1.13286e+29 5.875969121741911e+18 5.089938543616406e+34 
8.91105e+10 1.20133e+29 5.954559170453851e+18 5.340652246169504e+34 
9.35066e+10 1.27385e+29 6.033868076990621e+18 5.603715555428558e+34 
9.81196e+10 1.35060e+29 6.113869651995195e+18 5.879736159500957e+34 
1.02960e+11 1.43184e+29 6.194556720674489e+18 6.169352181731475e+34 
1.08040e+11 1.51784e+29 6.275960552302465e+18 6.473234104991808e+34 
1.13370e+11 1.60888e+29 6.358083989560945e+18 6.792084929568448e+34 
1.18963e+11 1.70520e+29 6.440880150170504e+18 7.126641498226440e+34 
1.24833e+11 1.80702e+29 6.524284301926975e+18 7.477676665554932e+34 
1.30992e+11 1.91461e+29 6.608278434990425e+18 7.846002322167035e+34 
1.37455e+11 2.02832e+29 6.692872667380617e+18 8.232471294552774e+34 
1.44237e+11 2.14847e+29 6.778050542503030e+18 8.637977456185496e+34 
1.51354e+11 2.27537e+29 6.863782997881123e+18 9.063457647907949e+34 
1.58822e+11 2.40935e+29 6.950042546716454e+18 9.509894703392623e+34 
1.66658e+11 2.55079e+29 7.036824884924557e+18 9.978321564050599e+34 
1.74882e+11 2.70012e+29 7.124133377276614e+18 1.046982269016784e+35 
1.83511e+11 2.85776e+29 7.211968157348121e+18 1.098553458626468e+35 
1.92566e+11 3.02418e+29 7.300330595060821e+18 1.152664861691077e+35 
2.02069e+11 3.19987e+29 7.389227989113294e+18 1.209441507248113e+35 
2.12040e+11 3.38540e+29 7.478688635167769e+18 1.269014815196985e+35 
2.22504e+11 3.58138e+29 7.568745578230696e+18 1.331522683080883e+35 
2.33484e+11 3.78836e+29 7.659382376958730e+18 1.397109604236210e+35 
2.45006e+11 4.00682e+29 7.750543612841847e+18 1.465927057431949e+35 
2.57096e+11 4.23726e+29 7.842181781673379e+18 1.538134085312662e+35 
2.69784e+11 4.48010e+29 7.934211036725729e+18 1.613897840931268e+35 
2.83098e+11 4.73573e+29 8.026527882419209e+18 1.693393639255224e+35 
2.97069e+11 5.00494e+29 8.119175490012369e+18 1.776805317609456e+35 
3.11730e+11 5.28863e+29 8.212212250537473e+18 1.864325693565676e+35 
3.27115e+11 5.58714e+29 8.305504398758786e+18 1.956157182019326e+35 
3.43259e+11 5.90319e+29 8.399632859559761e+18 2.052512620144393e+35 
3.60201e+11 6.23487e+29 8.493778745450045e+18 2.153614632888621e+35 
3.77978e+11 6.56886e+29 8.584138092275540e+18 2.259695596028139e+35 
3.96633e+11 6.88570e+29 8.665848191441145e+18 2.370999149133146e+35 
4.16208e+11 7.17184e+29 8.736193831341051e+18 2.487782593491646e+35 
4.36748e+11 7.40687e+29 8.791284907028234e+18 2.610317230071928e+35 
4.58301e+11 7.58373e+29 8.830788630993605e+18 2.738886363181660e+35 
4.80915e+11 7.72249e+29 8.860310242458365e+18 2.873785104686457e+35 
5.04643e+11 7.85088e+29 8.886337256071457e+18 3.015321768566530e+35 
5.29539e+11 7.97044e+29 8.909431575245251e+18 3.163819762457265e+35 
5.55660e+11 8.08945e+29 8.931334747790580e+18 3.319615856034313e+35 
5.83065e+11 8.21429e+29 8.953231753139713e+18 3.483072651154613e+35 
6.11820e+11 8.34158e+29 8.974511762980391e+18 3.654580937960310e+35 
6.41996e+11 8.47132e+29 8.995176689749030e+18 3.834550533049977e+35 
6.73661e+11 8.62813e+29 9.018967412401333e+18 4.023403639221472e+35 
7.06892e+11 8.83551e+29 9.048947946314040e+18 4.221587427994976e+35 
7.41764e+11 9.08728e+29 9.083651052442927e+18 4.429554418377349e+35 
7.78356e+11 9.35438e+29 9.118756120301375e+18 4.647766167509297e+35 
8.16750e+11 9.61847e+29 9.151838718277182e+18 4.876715968552101e+35 
8.57036e+11 9.88180e+29 9.183278299933765e+18 5.116937700981193e+35 
8.99306e+11 1.01368e+30 9.212286463103012e+18 5.368984308668171e+35 
9.43659e+11 1.03941e+30 9.240183291516903e+18 5.633441496920258e+35 
9.90198e+11 1.06768e+30 9.269388403455943e+18 5.910927249720408e+35 
1.03903e+12 1.09932e+30 9.300530932165300e+18 6.202084690224932e+35 
1.09027e+12 1.13405e+30 9.333117872389945e+18 6.507585655739738e+35 
1.14404e+12 1.17218e+30 9.367207360011635e+18 6.828137018330283e+35 
1.20046e+12 1.21324e+30 9.402199094270822e+18 7.164477720024013e+35 
1.25966e+12 1.25641e+30 9.437264338828116e+18 7.517382539979587e+35 
1.32178e+12 1.30139e+30 9.472085473842545e+18 7.887668659925203e+35 
1.38696e+12 1.34749e+30 9.506096295305220e+18 8.276195919599919e+35 
1.45535e+12 1.39480e+30 9.539352884526096e+18 8.683863634879483e+35 
1.52712e+12 1.44485e+30 9.572887874863854e+18 9.111612642592997e+35 
1.60242e+12 1.49945e+30 9.607744324009632e+18 9.560429652707570e+35 
1.68143e+12 1.55874e+30 9.643817703680698e+18 1.003135433957550e+36 
1.76435e+12 1.62319e+30 9.681193576163207e+18 1.052547827697797e+36 
1.85134e+12 1.69297e+30 9.719751246179265e+18 1.104394320636764e+36 
1.94263e+12 1.76751e+30 9.759012669031162e+18 1.158794466072876e+36 
2.03842e+12 1.84636e+30 9.798591612826587e+18 1.215873857147663e+36 
2.13893e+12 1.92946e+30 9.838347097033535e+18 1.275764815352585e+36 
2.24440e+12 2.01647e+30 9.878014915602213e+18 1.338606083497007e+36 
2.35507e+12 2.10809e+30 9.917819881699682e+18 1.404542912449345e+36 
2.47119e+12 2.20584e+30 9.958290807604863e+18 1.473727497477866e+36 
2.59304e+12 2.31057e+30 9.999616277996929e+18 1.546319748860352e+36 
2.72090e+12 2.42208e+30 1.004155004323663e+19 1.622487927336902e+36 
2.85506e+12 2.54076e+30 1.008408156893820e+19 1.702408342676023e+36 
2.99583e+12 2.66720e+30 1.012726533632976e+19 1.786265585742721e+36 
3.14355e+12 2.80208e+30 1.017116543751894e+19 1.874253173501565e+36 
3.29855e+12 2.94591e+30 1.021577970359935e+19 1.966574600748679e+36 
3.46120e+12 3.09905e+30 1.026105041994283e+19 2.063443769856330e+36 
3.63187e+12 3.26201e+30 1.030696060775527e+19 2.165084759001915e+36 
3.81095e+12 3.43546e+30 1.035352923280082e+19 2.271732337675913e+36 
3.99886e+12 3.62010e+30 1.040077246637816e+19 2.383632763469843e+36 
4.19604e+12 3.81634e+30 1.044862548977394e+19 2.501044951050233e+36 
4.40294e+12 4.02436e+30 1.049696555194984e+19 2.624240845274562e+36 
4.62004e+12 4.24476e+30 1.054577570789011e+19 2.753505360287164e+36 
4.84786e+12 4.47865e+30 1.059513867761934e+19 2.889137061412504e+36 
5.08690e+12 4.72716e+30 1.064512379810257e+19 3.031449239181032e+36 
5.33774e+12 4.99070e+30 1.069563959497965e+19 3.180771314393807e+36 
5.60094e+12 5.26966e+30 1.074659899449124e+19 3.337449002779955e+36 
5.87713e+12 5.56497e+30 1.079800914545975e+19 3.501844540629335e+36 
6.16694e+12 5.87793e+30 1.084993208356502e+19 3.674337637611843e+36 
6.47104e+12 6.20976e+30 1.090239718088544e+19 3.855326907317055e+36 
6.79014e+12 6.56112e+30 1.095534013129977e+19 4.045231387723875e+36 
7.12497e+12 6.93291e+30 1.100872711078884e+19 4.244490573536786e+36 
7.47633e+12 7.32632e+30 1.106256472270064e+19 4.453565027208281e+36 
7.84501e+12 7.74278e+30 1.111687656721583e+19 4.672937678559936e+36 
8.23187e+12 8.18358e+30 1.117166158518321e+19 4.903115704028613e+36 
8.63781e+12 8.64981e+30 1.122688393055920e+19 5.144632048450419e+36 
9.06378e+12 9.14283e+30 1.128253371819363e+19 5.398045461322354e+36 
9.51076e+12 9.66431e+30 1.133862997673382e+19 5.663941575465953e+36 
9.97978e+12 1.02162e+31 1.139520360160525e+19 5.942934630211239e+36 
1.04719e+13 1.08002e+31 1.145226224680691e+19 6.235669888825602e+36 
1.09884e+13 1.14182e+31 1.150979626249928e+19 6.542825046456791e+36 
1.15303e+13 1.20723e+31 1.156783093477777e+19 6.865110529908261e+36 
1.20989e+13 1.27652e+31 1.162642529535887e+19 7.203271112673707e+36 
1.26956e+13 1.35002e+31 1.168564609556119e+19 7.558088154804634e+36 
1.33217e+13 1.42801e+31 1.174553730923604e+19 7.930382465448806e+36 
1.39787e+13 1.51084e+31 1.180615748197548e+19 8.321015440849782e+36 
1.46681e+13 1.59881e+31 1.186750846366585e+19 8.730890362566169e+36 
1.53916e+13 1.69215e+31 1.192954464629965e+19 9.160954710123969e+36 
1.61507e+13 1.79119e+31 1.199227121871518e+19 9.612202810688496e+36 
1.69472e+13 1.89653e+31 1.205585855558686e+19 1.008567855384840e+37 
1.77831e+13 2.00916e+31 1.212064329808901e+19 1.058247673013494e+37 
1.86602e+13 2.12992e+31 1.218683987043288e+19 1.110374624424382e+37 
1.95805e+13 2.25956e+31 1.225456165452226e+19 1.165069226420257e+37 
2.05463e+13 2.39891e+31 1.232393189359546e+19 1.222457939820026e+37 
2.15597e+13 2.54909e+31 1.239517929153078e+19 1.282673507269291e+37 
2.26231e+13 2.71144e+31 1.246857825233892e+19 1.345855172827772e+37 
2.37390e+13 2.88759e+31 1.254446989802229e+19 1.412148999618652e+37 
2.49100e+13 3.07935e+31 1.262319919161119e+19 1.481708322426822e+37 
2.61387e+13 3.28881e+31 1.270514848467628e+19 1.554693998805680e+37 
2.74281e+13 3.51838e+31 1.279074329874946e+19 1.631274760036594e+37 
2.87812e+13 3.77096e+31 1.288048253023781e+19 1.711627730725375e+37 
3.02010e+13 4.04982e+31 1.297489967129108e+19 1.795938702263637e+37 
3.16910e+13 4.35883e+31 1.307460035763347e+19 1.884402637170563e+37 
3.32545e+13 4.70259e+31 1.318029205262449e+19 1.977224119431168e+37 
3.48952e+13 5.08649e+31 1.329277067306391e+19 2.074617783997199e+37 
3.66170e+13 5.51677e+31 1.341289991083698e+19 2.176808860117196e+37 
3.84238e+13 6.00070e+31 1.354164574381046e+19 2.284033633603760e+37 
4.03199e+13 6.54627e+31 1.367995553537452e+19 2.396540055422990e+37 
4.23097e+13 7.16240e+31 1.382879589613697e+19 2.514588285340399e+37 
4.43979e+13 7.86047e+31 1.398948433003799e+19 2.638451318488855e+37 
4.65894e+13 8.65331e+31 1.416338673805551e+19 2.768415579688472e+37 
4.88892e+13 9.55441e+31 1.435171747913702e+19 2.904781578944050e+37 
5.13029e+13 1.05806e+32 1.455607274493155e+19 3.047864668541399e+37 
5.38361e+13 1.17508e+32 1.477813002925082e+19 3.197995719727437e+37 
5.64947e+13 1.30856e+32 1.501944608054710e+19 3.355521895859845e+37 
5.92851e+13 1.46089e+32 1.528184863366665e+19 3.520807428736068e+37 
6.22138e+13 1.63476e+32 1.556721117785368e+19 3.694234579571619e+37 
6.52878e+13 1.83323e+32 1.587754232098144e+19 3.876204381359290e+37 
6.85144e+13 2.05966e+32 1.621486847948879e+19 4.067137586908845e+37 
7.19013e+13 2.31778e+32 1.658119929809366e+19 4.267475747174974e+37 
7.54565e+13 2.61180e+32 1.697871761690547e+19 4.477682120678352e+37 
7.91885e+13 2.94626e+32 1.740949729764985e+19 4.698242798621680e+37 
8.31063e+13 3.32608e+32 1.787549953378640e+19 4.929667837989530e+37 
8.72193e+13 3.75655e+32 1.837858829634170e+19 5.172492292913328e+37 
9.15374e+13 4.24312e+32 1.892023114945760e+19 5.427277777722415e+37 
9.60710e+13 4.79091e+32 1.950105801994573e+19 5.694613409706137e+37 
1.00831e+14 5.40164e+32 2.011784015660750e+19 5.975117407179527e+37 
1.05829e+14 6.06808e+32 2.075882168017214e+19 6.269438384300153e+37 
1.11078e+14 6.82949e+32 2.145608886269421e+19 6.578266214189802e+37 
1.16589e+14 7.76423e+32 2.227117290221773e+19 6.902297731195158e+37 
1.22377e+14 8.82733e+32 2.315399618452042e+19 7.242290215471980e+37 
1.28457e+14 1.00349e+33 2.410874310375284e+19 7.599033019772201e+37 
1.34843e+14 1.14050e+33 2.514004214805307e+19 7.973339157250692e+37 
1.41552e+14 1.29586e+33 2.625319979197733e+19 8.366092964581145e+37 
1.48600e+14 1.47192e+33 2.745388421837595e+19 8.778189872235384e+37 
1.56006e+14 1.67136e+33 2.874839773546477e+19 9.210577297622017e+37 
1.63788e+14 1.89725e+33 3.014365548575943e+19 9.664275440140440e+37 
1.71966e+14 2.15306e+33 3.164715219533826e+19 1.014031667784358e+38 
1.80563e+14 2.44237e+33 3.326494885682958e+19 1.063980319818750e+38 
1.89599e+14 2.75884e+33 3.494854712814686e+19 1.116389267883171e+38 
1.99099e+14 3.11085e+33 3.672979881175436e+19 1.171380287770607e+38 
2.09087e+14 3.50638e+33 3.863331479473065e+19 1.229080431967197e+38 
2.19591e+14 3.95325e+33 4.067841060945857e+19 1.289621403863666e+38 
2.30637e+14 4.46022e+33 4.288442043751344e+19 1.353145544304007e+38 
2.42258e+14 5.03749e+33 4.527219943692984e+19 1.419798956431293e+38 
2.54484e+14 5.69702e+33 4.786498021074664e+19 1.489734743872087e+38 
2.67352e+14 6.45305e+33 5.068900202770110e+19 1.563116263860695e+38 
2.80898e+14 7.32234e+33 5.377347510069507e+19 1.640112361717600e+38 
2.95162e+14 8.32481e+33 5.715133912348851e+19 1.720899761673258e+38 
3.10188e+14 9.48413e+33 6.085962470782895e+19 1.805667065416545e+38 
3.26023e+14 1.08281e+34 6.493894611578057e+19 1.894610675058415e+38 
3.42717e+14 1.23896e+34 6.943452108078859e+19 1.987935058479433e+38 
3.60326e+14 1.42071e+34 7.439538182345623e+19 2.085856356322962e+38 
3.78909e+14 1.63256e+34 7.987430437767443e+19 2.188601135946554e+38 
3.98534e+14 1.87972e+34 8.592741072168808e+19 2.296406089331881e+38 
4.19271e+14 2.16822e+34 9.261348468457539e+19 2.409523022818847e+38 
4.41201e+14 2.50493e+34 9.999276004484655e+19 2.528209068488265e+38 
4.64410e+14 2.89772e+34 1.081264845643497e+20 2.652744117804484e+38 
4.88996e+14 3.35545e+34 1.170745218508403e+20 2.783413070124011e+38 
5.15063e+14 3.88807e+34 1.268948097199532e+20 2.920517623408855e+38 
5.42728e+14 4.50666e+34 1.376411435486219e+20 3.064374155013952e+38 
5.72122e+14 5.22349e+34 1.493622445740750e+20 3.215319265235774e+38 
6.03387e+14 6.05210e+34 1.621006269281696e+20 3.373704563931142e+38 
6.36677e+14 7.00728e+34 1.758904933021635e+20 3.539876062426197e+38 
6.72173e+14 8.10505e+34 1.907561682272536e+20 3.714257442395684e+38 
7.10054e+14 9.36303e+34 2.067158555936854e+20 3.897188335614089e+38 
7.50546e+14 1.08002e+35 2.237763003909156e+20 4.089167732894733e+38 
7.93868e+14 1.24370e+35 2.419361484843153e+20 4.290577385466196e+38 
8.40291e+14 1.42958e+35 2.611855091951408e+20 4.501957263365857e+38 
8.90071e+14 1.64005e+35 2.815067373646363e+20 4.723686228091148e+38 
9.43534e+14 1.87774e+35 3.028770394535087e+20 4.956355727054749e+38 
1.00102e+15 2.14545e+35 3.252649941908297e+20 5.200532433837998e+38 
1.06289e+15 2.44627e+35 3.486379944809487e+20 5.456678032359837e+38 
1.12955e+15 2.78355e+35 3.729598229117108e+20 5.725446465497069e+38 
1.20145e+15 3.16091e+35 3.981895231655949e+20 6.007492694607387e+38 
1.27908e+15 3.58232e+35 4.242865336989630e+20 6.303386933411801e+38 
1.36297e+15 4.05215e+35 4.512097397648722e+20 6.613888887431812e+38 
1.45372e+15 4.57514e+35 4.789168699694702e+20 6.939692615848430e+38 
1.55195e+15 5.15650e+35 5.073682644596998e+20 7.281532184300963e+38 
1.65838e+15 5.80193e+35 5.365229295204309e+20 7.640199329289085e+38 
1.77378e+15 6.51774e+35 5.663439837730777e+20 8.016518610237107e+38 
1.89899e+15 7.31079e+35 5.967937580155930e+20 8.411390773715249e+38 
2.03494e+15 8.18865e+35 6.278374016812324e+20 8.825729496245301e+38 
2.18266e+15 9.15965e+35 6.594415629892848e+20 9.260469092529139e+38 
2.34324e+15 1.02329e+36 6.915735422005224e+20 9.716610407078006e+38 
2.51791e+15 1.14184e+36 7.242034387949942e+20 1.019522696958543e+39 
2.70801e+15 1.27271e+36 7.573018049571057e+20 1.069741141893881e+39 
2.91502e+15 1.41712e+36 7.908423356844038e+20 1.122435316283454e+39 
3.14053e+15 1.57638e+36 8.247969504423692e+20 1.177723956548384e+39 
3.38633e+15 1.75195e+36 8.591405087177929e+20 1.235738027747753e+39 
3.65432e+15 1.94543e+36 8.938506694123215e+20 1.296605812038626e+39 
3.94664e+15 2.15855e+36 9.289041726838433e+20 1.360472413454283e+39 
4.26563e+15 2.39322e+36 9.642760566940151e+20 1.427489598652826e+39 
4.61382e+15 2.65154e+36 9.999457352885156e+20 1.497804180076380e+39 
4.99400e+15 2.93581e+36 1.035896321884577e+21 1.571579573510472e+39 
5.40926e+15 3.24856e+36 1.072106941637251e+21 1.648991735941974e+39 
5.86294e+15 3.59255e+36 1.108561912028777e+21 1.730216237006825e+39 
6.35877e+15 3.97077e+36 1.145239759052580e+21 1.815445568331144e+39 
6.90075e+15 4.38659e+36 1.182129543423476e+21 1.904872636598379e+39 
7.49328e+15 4.84370e+36 1.219220327239906e+21 1.998699221989359e+39 
