89
7.8 1.01e+08 1 4.6988e+24
7.86 1.01e+09 1.15795e+08 4.73494e+24
7.9 1.01e+10 1.26945e+09 4.75904e+24
8.15 1.01e+11 1.26771e+10 4.90964e+24
11.6 1.21e+12 1.21137e+11 6.98795e+24
16.4 1.4e+13 1.01736e+12 9.87952e+24
45.1 1.7e+14 6.07671e+12 2.71687e+25
212 5.82e+15 4.87239e+13 1.27711e+26
1150 1.9e+17 3.20672e+14 6.92771e+26
10440 9.744e+18 2.08569e+15 6.28915e+27
26220 4.968e+19 4.30072e+15 1.57951e+28
65870 2.431e+20 8.58533e+15 3.96805e+28
165400 1.151e+21 1.66113e+16 9.96375e+28
415600 5.266e+21 3.11318e+16 2.50356e+29
1.044e+06 2.318e+22 5.63708e+16 6.28892e+29
2.622e+06 9.755e+22 9.82379e+16 1.57941e+30
6.588e+06 3.911e+23 1.65137e+17 3.96821e+30
8.293e+06 5.259e+23 1.83307e+17 4.99512e+30
1.655e+07 1.435e+24 2.57523e+17 9.96798e+30
3.302e+07 3.833e+24 3.56541e+17 1.98862e+31
6.589e+07 1.006e+25 4.85503e+17 3.96781e+31
1.315e+08 2.604e+25 6.51424e+17 7.91769e+31
2.624e+08 6.676e+25 8.65391e+17 1.57965e+32
3.304e+08 8.738e+25 9.35166e+17 1.98888e+32
5.237e+08 1.629e+26 1.11304e+18 3.15201e+32
8.301e+08 3.029e+26 1.32217e+18 4.99528e+32
1.045e+09 4.129e+26 1.44086e+18 6.28786e+32
1.316e+09 5.036e+26 1.51805e+18 7.9177e+32
1.657e+09 6.86e+26 1.63996e+18 9.96832e+32
2.626e+09 1.272e+27 1.91663e+18 1.57941e+33
4.164e+09 2.356e+27 2.23947e+18 2.50377e+33
6.601e+09 4.362e+27 2.61853e+18 3.96785e+33
8.312e+09 5.662e+27 2.79322e+18 4.99547e+33
1.046e+10 7.702e+27 3.0106e+18 6.28528e+33
1.318e+10 1.048e+28 3.24613e+18 7.91813e+33
1.659e+10 1.425e+28 3.49992e+18 9.96465e+33
2.09e+10 1.938e+28 3.77474e+18 1.25505e+34
2.631e+10 2.503e+28 4.01478e+18 1.57955e+34
3.313e+10 3.404e+28 4.31783e+18 1.98849e+34
4.172e+10 4.628e+28 4.64629e+18 2.50338e+34
5.254e+10 5.949e+28 4.92736e+18 3.15172e+34
6.617e+10 8.089e+28 5.28759e+18 3.96815e+34
8.332e+10 1.1e+29 5.67765e+18 4.995e+34
1e+11 1.402e+29 6.00736e+18 5.9933e+34
2e+11 3.134e+29 7.20649e+18 1.19728e+35
4e+11 7.157e+29 8.67272e+18 2.39125e+35
8e+11 1.036e+30 9.2285e+18 4.77692e+35
1e+12 1.257e+30 9.4739e+18 5.96927e+35
2e+12 2.122e+30 1.00818e+19 1.19279e+36
4e+12 3.78e+30 1.06541e+19 2.38375e+36
8e+12 8.527e+30 1.14548e+19 4.76389e+36
1e+13 1.162e+31 1.17985e+19 5.95322e+36
2e+13 3.262e+31 1.32173e+19 1.18938e+37
4e+13 9.407e+31 1.52963e+19 2.37517e+37
8e+13 2.746e+32 1.83413e+19 4.73996e+37
1e+14 3.929e+32 1.96518e+19 5.91957e+37
1.586e+14 8.617e+32 2.32758e+19 9.36624e+37
2.57196e+14 4.25408e+33 3.90216e+19 1.51084e+38
3.02946e+14 7.26224e+33 4.94972e+19 1.77325e+38
3.49288e+14 1.15139e+34 6.21094e+19 2.03567e+38
3.96341e+14 1.72612e+34 7.68742e+19 2.29808e+38
4.44231e+14 2.47677e+34 9.37804e+19 2.56049e+38
4.93088e+14 3.43073e+34 1.12792e+20 2.8229e+38
5.43047e+14 4.61637e+34 1.33851e+20 3.08531e+38
5.94247e+14 6.06297e+34 1.5688e+20 3.34772e+38
6.46831e+14 7.80067e+34 1.81786e+20 3.61014e+38
7.00948e+14 9.86043e+34 2.08463e+20 3.87255e+38
7.56746e+14 1.2274e+35 2.36795e+20 4.13496e+38
8.14321e+14 1.47462e+35 2.6326e+20 4.39737e+38
8.73505e+14 1.72403e+35 2.87674e+20 4.65978e+38
9.34329e+14 1.99844e+35 3.1238e+20 4.92219e+38
9.96857e+14 2.29882e+35 3.37321e+20 5.18461e+38
1.06115e+15 2.62612e+35 3.62447e+20 5.44702e+38
1.12727e+15 2.98129e+35 3.87712e+20 5.70943e+38
1.19529e+15 3.36526e+35 4.13074e+20 5.97184e+38
1.26525e+15 3.77893e+35 4.38495e+20 6.23425e+38
1.33721e+15 4.21136e+35 4.63283e+20 6.49666e+38
1.411e+15 4.5954e+35 4.8389e+20 6.75908e+38
1.48648e+15 4.99781e+35 5.04193e+20 7.02149e+38
1.56367e+15 5.41874e+35 5.24199e+20 7.2839e+38
1.64259e+15 5.85833e+35 5.43911e+20 7.54631e+38
1.72325e+15 6.31671e+35 5.63336e+20 7.80872e+38
1.80565e+15 6.79403e+35 5.82479e+20 8.07113e+38
1.88982e+15 7.2904e+35 6.01347e+20 8.33355e+38
1.89833e+15 7.34109e+35 6.03219e+20 8.35979e+38
1.90686e+15 7.39197e+35 6.05088e+20 8.38603e+38
1.91541e+15 7.44304e+35 6.06954e+20 8.41227e+38
1.92398e+15 7.49431e+35 6.08818e+20 8.43851e+38
1.93256e+15 7.54576e+35 6.10679e+20 8.46475e+38
