106
7.8 1.01e+08 1 4.6988e+24
7.86 1.01e+09 1.15795e+08 4.73494e+24
7.9 1.01e+10 1.26945e+09 4.75904e+24
8.15 1.01e+11 1.26771e+10 4.90964e+24
11.6 1.21e+12 1.21137e+11 6.98795e+24
16.4 1.4e+13 1.01736e+12 9.87952e+24
45.1 1.7e+14 6.07671e+12 2.71687e+25
212 5.82e+15 4.87239e+13 1.27711e+26
1150 1.9e+17 3.20672e+14 6.92771e+26
10440 9.744e+18 2.08569e+15 6.28915e+27
26220 4.968e+19 4.30072e+15 1.57951e+28
65870 2.431e+20 8.58533e+15 3.96805e+28
165400 1.151e+21 1.66113e+16 9.96375e+28
415600 5.266e+21 3.11318e+16 2.50356e+29
1.044e+06 2.318e+22 5.63708e+16 6.28892e+29
2.622e+06 9.755e+22 9.82379e+16 1.57941e+30
6.588e+06 3.911e+23 1.65137e+17 3.96821e+30
8.293e+06 5.259e+23 1.83307e+17 4.99512e+30
1.655e+07 1.435e+24 2.57523e+17 9.96798e+30
3.302e+07 3.833e+24 3.56541e+17 1.98862e+31
6.589e+07 1.006e+25 4.85503e+17 3.96781e+31
1.315e+08 2.604e+25 6.51424e+17 7.91769e+31
2.624e+08 6.676e+25 8.65391e+17 1.57965e+32
3.304e+08 8.738e+25 9.35166e+17 1.98888e+32
5.237e+08 1.629e+26 1.11304e+18 3.15201e+32
8.301e+08 3.029e+26 1.32217e+18 4.99528e+32
1.045e+09 4.129e+26 1.44086e+18 6.28786e+32
1.316e+09 5.036e+26 1.51805e+18 7.9177e+32
1.657e+09 6.86e+26 1.63996e+18 9.96832e+32
2.626e+09 1.272e+27 1.91663e+18 1.57941e+33
4.164e+09 2.356e+27 2.23947e+18 2.50377e+33
6.601e+09 4.362e+27 2.61853e+18 3.96785e+33
8.312e+09 5.662e+27 2.79322e+18 4.99547e+33
1.046e+10 7.702e+27 3.0106e+18 6.28528e+33
1.318e+10 1.048e+28 3.24613e+18 7.91813e+33
1.659e+10 1.425e+28 3.49992e+18 9.96465e+33
2.09e+10 1.938e+28 3.77474e+18 1.25505e+34
2.631e+10 2.503e+28 4.01478e+18 1.57955e+34
3.313e+10 3.404e+28 4.31783e+18 1.98849e+34
4.172e+10 4.628e+28 4.64629e+18 2.50338e+34
5.254e+10 5.949e+28 4.92736e+18 3.15172e+34
6.617e+10 8.089e+28 5.28759e+18 3.96815e+34
8.332e+10 1.1e+29 5.67765e+18 4.995e+34
1e+11 1.402e+29 6.00736e+18 5.9933e+34
2e+11 3.134e+29 7.20649e+18 1.19728e+35
4e+11 7.157e+29 8.67272e+18 2.39125e+35
8e+11 1.036e+30 9.2285e+18 4.77692e+35
1e+12 1.257e+30 9.4739e+18 5.96927e+35
2e+12 2.122e+30 1.00818e+19 1.19279e+36
4e+12 3.78e+30 1.06541e+19 2.38375e+36
8e+12 8.527e+30 1.14548e+19 4.76389e+36
1e+13 1.162e+31 1.17985e+19 5.95322e+36
2e+13 3.262e+31 1.32173e+19 1.18938e+37
4e+13 9.407e+31 1.52963e+19 2.37517e+37
8e+13 2.746e+32 1.83413e+19 4.73996e+37
1e+14 3.929e+32 1.96518e+19 5.91957e+37
1.586e+14 8.617e+32 2.32758e+19 9.36624e+37
2.57366e+14 5.17748e+33 4.31212e+19 1.51084e+38
2.9191e+14 8.20239e+33 5.38254e+19 1.70805e+38
3.26911e+14 1.23567e+34 6.67562e+19 1.90526e+38
3.62465e+14 1.78782e+34 8.20148e+19 2.10247e+38
3.98676e+14 2.50236e+34 9.967e+19 2.29968e+38
4.3565e+14 3.33234e+34 1.18172e+20 2.49689e+38
4.73244e+14 3.94191e+34 1.30491e+20 2.6941e+38
5.11357e+14 4.60795e+34 1.4283e+20 2.89131e+38
5.49997e+14 5.3313e+34 1.55177e+20 3.08852e+38
5.89172e+14 6.11277e+34 1.67519e+20 3.28573e+38
6.28888e+14 6.95311e+34 1.79848e+20 3.48294e+38
6.69153e+14 7.85305e+34 1.92154e+20 3.68014e+38
7.09972e+14 8.81328e+34 2.04431e+20 3.87735e+38
7.51351e+14 9.83447e+34 2.16671e+20 4.07456e+38
7.93339e+14 1.10846e+35 2.30739e+20 4.27177e+38
8.35994e+14 1.2428e+35 2.44949e+20 4.46898e+38
8.79331e+14 1.38656e+35 2.5927e+20 4.66619e+38
9.23367e+14 1.53995e+35 2.73686e+20 4.8634e+38
9.68117e+14 1.70319e+35 2.88183e+20 5.06061e+38
1.0136e+15 1.8765e+35 3.02748e+20 5.25782e+38
1.05982e+15 2.06007e+35 3.17368e+20 5.45503e+38
1.1068e+15 2.25411e+35 3.32034e+20 5.65224e+38
1.15456e+15 2.45884e+35 3.46733e+20 5.84945e+38
1.20311e+15 2.67443e+35 3.61457e+20 6.04665e+38
1.25245e+15 2.90109e+35 3.76196e+20 6.24386e+38
1.30262e+15 3.13901e+35 3.90942e+20 6.44107e+38
1.35361e+15 3.38837e+35 4.05688e+20 6.63828e+38
1.40545e+15 3.64937e+35 4.20426e+20 6.83549e+38
1.45814e+15 3.92218e+35 4.35151e+20 7.0327e+38
1.51171e+15 4.207e+35 4.49855e+20 7.22991e+38
1.56615e+15 4.50398e+35 4.64533e+20 7.42712e+38
1.62149e+15 4.81333e+35 4.7918e+20 7.62433e+38
1.67774e+15 5.1352e+35 4.93791e+20 7.82154e+38
1.73491e+15 5.46976e+35 5.08362e+20 8.01875e+38
1.79302e+15 5.8172e+35 5.22889e+20 8.21596e+38
1.85207e+15 6.17768e+35 5.37368e+20 8.41316e+38
1.91207e+15 6.55136e+35 5.51796e+20 8.61037e+38
1.97305e+15 6.93841e+35 5.6617e+20 8.80758e+38
2.03501e+15 7.339e+35 5.80486e+20 9.00479e+38
2.09796e+15 7.75327e+35 5.94743e+20 9.202e+38
2.16191e+15 8.1814e+35 6.08937e+20 9.39921e+38
2.16836e+15 8.22498e+35 6.10353e+20 9.41893e+38
2.16901e+15 8.22935e+35 6.10495e+20 9.4209e+38
2.16965e+15 8.23372e+35 6.10636e+20 9.42288e+38
2.1703e+15 8.23808e+35 6.10778e+20 9.42485e+38
2.17094e+15 8.24245e+35 6.10919e+20 9.42682e+38
2.17101e+15 8.24289e+35 6.10933e+20 9.42702e+38
2.17107e+15 8.24333e+35 6.10948e+20 9.42721e+38
2.17114e+15 8.24377e+35 6.10962e+20 9.42741e+38
