99
7.8 1.01e+08 1 4.6988e+24
7.86 1.01e+09 1.15795e+08 4.73494e+24
7.9 1.01e+10 1.26945e+09 4.75904e+24
8.15 1.01e+11 1.26771e+10 4.90964e+24
11.6 1.21e+12 1.21137e+11 6.98795e+24
16.4 1.4e+13 1.01736e+12 9.87952e+24
45.1 1.7e+14 6.07671e+12 2.71687e+25
212 5.82e+15 4.87239e+13 1.27711e+26
1150 1.9e+17 3.20672e+14 6.92771e+26
10440 9.744e+18 2.08569e+15 6.28915e+27
26220 4.968e+19 4.30072e+15 1.57951e+28
65870 2.431e+20 8.58533e+15 3.96805e+28
165400 1.151e+21 1.66113e+16 9.96375e+28
415600 5.266e+21 3.11318e+16 2.50356e+29
1.044e+06 2.318e+22 5.63708e+16 6.28892e+29
2.622e+06 9.755e+22 9.82379e+16 1.57941e+30
6.588e+06 3.911e+23 1.65137e+17 3.96821e+30
8.293e+06 5.259e+23 1.83307e+17 4.99512e+30
1.655e+07 1.435e+24 2.57523e+17 9.96798e+30
3.302e+07 3.833e+24 3.56541e+17 1.98862e+31
6.589e+07 1.006e+25 4.85503e+17 3.96781e+31
1.315e+08 2.604e+25 6.51424e+17 7.91769e+31
2.624e+08 6.676e+25 8.65391e+17 1.57965e+32
3.304e+08 8.738e+25 9.35166e+17 1.98888e+32
5.237e+08 1.629e+26 1.11304e+18 3.15201e+32
8.301e+08 3.029e+26 1.32217e+18 4.99528e+32
1.045e+09 4.129e+26 1.44086e+18 6.28786e+32
1.316e+09 5.036e+26 1.51805e+18 7.9177e+32
1.657e+09 6.86e+26 1.63996e+18 9.96832e+32
2.626e+09 1.272e+27 1.91663e+18 1.57941e+33
4.164e+09 2.356e+27 2.23947e+18 2.50377e+33
6.601e+09 4.362e+27 2.61853e+18 3.96785e+33
8.312e+09 5.662e+27 2.79322e+18 4.99547e+33
1.046e+10 7.702e+27 3.0106e+18 6.28528e+33
1.318e+10 1.048e+28 3.24613e+18 7.91813e+33
1.659e+10 1.425e+28 3.49992e+18 9.96465e+33
2.09e+10 1.938e+28 3.77474e+18 1.25505e+34
2.631e+10 2.503e+28 4.01478e+18 1.57955e+34
3.313e+10 3.404e+28 4.31783e+18 1.98849e+34
4.172e+10 4.628e+28 4.64629e+18 2.50338e+34
5.254e+10 5.949e+28 4.92736e+18 3.15172e+34
6.617e+10 8.089e+28 5.28759e+18 3.96815e+34
8.332e+10 1.1e+29 5.67765e+18 4.995e+34
1e+11 1.402e+29 6.00736e+18 5.9933e+34
2e+11 3.134e+29 7.20649e+18 1.19728e+35
4e+11 7.157e+29 8.67272e+18 2.39125e+35
8e+11 1.036e+30 9.2285e+18 4.77692e+35
1e+12 1.257e+30 9.4739e+18 5.96927e+35
2e+12 2.122e+30 1.00818e+19 1.19279e+36
4e+12 3.78e+30 1.06541e+19 2.38375e+36
8e+12 8.527e+30 1.14548e+19 4.76389e+36
1e+13 1.162e+31 1.17985e+19 5.95322e+36
2e+13 3.262e+31 1.32173e+19 1.18938e+37
4e+13 9.407e+31 1.52963e+19 2.37517e+37
8e+13 2.746e+32 1.83413e+19 4.73996e+37
1e+14 3.929e+32 1.96518e+19 5.91957e+37
1.586e+14 8.617e+32 2.32758e+19 9.36624e+37
2.57394e+14 5.33786e+33 4.38284e+19 1.51084e+38
2.8338e+14 7.63117e+33 5.20804e+19 1.65927e+38
3.09626e+14 1.05805e+34 6.16905e+19 1.8077e+38
3.36174e+14 1.42961e+34 7.27169e+19 1.95612e+38
3.63072e+14 1.88958e+34 8.52062e+19 2.10455e+38
3.90369e+14 2.45048e+34 9.91927e+19 2.25297e+38
4.18118e+14 3.1256e+34 1.14698e+20 2.4014e+38
4.46362e+14 3.84741e+34 1.30048e+20 2.54983e+38
4.75054e+14 4.54368e+34 1.4377e+20 2.69825e+38
5.04196e+14 5.31837e+34 1.57998e+20 2.84668e+38
5.33811e+14 6.17551e+34 1.72702e+20 2.9951e+38
5.63921e+14 7.11914e+34 1.87854e+20 3.14353e+38
5.94551e+14 8.15329e+34 2.03424e+20 3.29195e+38
6.25723e+14 9.28197e+34 2.19387e+20 3.44038e+38
6.5746e+14 1.05092e+35 2.35714e+20 3.58881e+38
6.89785e+14 1.18389e+35 2.5238e+20 3.73723e+38
7.22721e+14 1.32751e+35 2.69358e+20 3.88566e+38
7.56291e+14 1.48218e+35 2.86626e+20 4.03408e+38
7.90517e+14 1.6483e+35 3.04158e+20 4.18251e+38
8.25422e+14 1.82625e+35 3.21933e+20 4.33094e+38
8.61029e+14 2.01643e+35 3.39928e+20 4.47936e+38
8.97237e+14 2.12406e+35 3.49668e+20 4.62779e+38
9.33722e+14 2.19659e+35 3.55943e+20 4.77621e+38
9.70458e+14 2.26925e+35 3.61997e+20 4.92464e+38
1.00744e+15 2.34206e+35 3.67843e+20 5.07307e+38
1.04465e+15 2.415e+35 3.73495e+20 5.22149e+38
1.0821e+15 2.48807e+35 3.78964e+20 5.36992e+38
1.11978e+15 2.56127e+35 3.84262e+20 5.51834e+38
1.15767e+15 2.63459e+35 3.89398e+20 5.66677e+38
1.19577e+15 2.70804e+35 3.94381e+20 5.8152e+38
1.23409e+15 2.7816e+35 3.9922e+20 5.96362e+38
1.27261e+15 2.85529e+35 4.03923e+20 6.11205e+38
1.31133e+15 2.92908e+35 4.08496e+20 6.26047e+38
1.35024e+15 3.00299e+35 4.12947e+20 6.4089e+38
1.38934e+15 3.07701e+35 4.1728e+20 6.55733e+38
1.39326e+15 3.08441e+35 4.17708e+20 6.57217e+38
1.39719e+15 3.09182e+35 4.18134e+20 6.58701e+38
1.40111e+15 3.09923e+35 4.18559e+20 6.60185e+38
1.4015e+15 3.09997e+35 4.18601e+20 6.60334e+38
1.4019e+15 3.10071e+35 4.18643e+20 6.60482e+38
1.40229e+15 3.10145e+35 4.18686e+20 6.60631e+38
1.40233e+15 3.10153e+35 4.1869e+20 6.60646e+38
