100
7.8 1.01e+08 1 4.6988e+24
7.86 1.01e+09 1.15795e+08 4.73494e+24
7.9 1.01e+10 1.26945e+09 4.75904e+24
8.15 1.01e+11 1.26771e+10 4.90964e+24
11.6 1.21e+12 1.21137e+11 6.98795e+24
16.4 1.4e+13 1.01736e+12 9.87952e+24
45.1 1.7e+14 6.07671e+12 2.71687e+25
212 5.82e+15 4.87239e+13 1.27711e+26
1150 1.9e+17 3.20672e+14 6.92771e+26
10440 9.744e+18 2.08569e+15 6.28915e+27
26220 4.968e+19 4.30072e+15 1.57951e+28
65870 2.431e+20 8.58533e+15 3.96805e+28
165400 1.151e+21 1.66113e+16 9.96375e+28
415600 5.266e+21 3.11318e+16 2.50356e+29
1.044e+06 2.318e+22 5.63708e+16 6.28892e+29
2.622e+06 9.755e+22 9.82379e+16 1.57941e+30
6.588e+06 3.911e+23 1.65137e+17 3.96821e+30
8.293e+06 5.259e+23 1.83307e+17 4.99512e+30
1.655e+07 1.435e+24 2.57523e+17 9.96798e+30
3.302e+07 3.833e+24 3.56541e+17 1.98862e+31
6.589e+07 1.006e+25 4.85503e+17 3.96781e+31
1.315e+08 2.604e+25 6.51424e+17 7.91769e+31
2.624e+08 6.676e+25 8.65391e+17 1.57965e+32
3.304e+08 8.738e+25 9.35166e+17 1.98888e+32
5.237e+08 1.629e+26 1.11304e+18 3.15201e+32
8.301e+08 3.029e+26 1.32217e+18 4.99528e+32
1.045e+09 4.129e+26 1.44086e+18 6.28786e+32
1.316e+09 5.036e+26 1.51805e+18 7.9177e+32
1.657e+09 6.86e+26 1.63996e+18 9.96832e+32
2.626e+09 1.272e+27 1.91663e+18 1.57941e+33
4.164e+09 2.356e+27 2.23947e+18 2.50377e+33
6.601e+09 4.362e+27 2.61853e+18 3.96785e+33
8.312e+09 5.662e+27 2.79322e+18 4.99547e+33
1.046e+10 7.702e+27 3.0106e+18 6.28528e+33
1.318e+10 1.048e+28 3.24613e+18 7.91813e+33
1.659e+10 1.425e+28 3.49992e+18 9.96465e+33
2.09e+10 1.938e+28 3.77474e+18 1.25505e+34
2.631e+10 2.503e+28 4.01478e+18 1.57955e+34
3.313e+10 3.404e+28 4.31783e+18 1.98849e+34
4.172e+10 4.628e+28 4.64629e+18 2.50338e+34
5.254e+10 5.949e+28 4.92736e+18 3.15172e+34
6.617e+10 8.089e+28 5.28759e+18 3.96815e+34
8.332e+10 1.1e+29 5.67765e+18 4.995e+34
1e+11 1.402e+29 6.00736e+18 5.9933e+34
2e+11 3.134e+29 7.20649e+18 1.19728e+35
4e+11 7.157e+29 8.67272e+18 2.39125e+35
8e+11 1.036e+30 9.2285e+18 4.77692e+35
1e+12 1.257e+30 9.4739e+18 5.96927e+35
2e+12 2.122e+30 1.00818e+19 1.19279e+36
4e+12 3.78e+30 1.06541e+19 2.38375e+36
8e+12 8.527e+30 1.14548e+19 4.76389e+36
1e+13 1.162e+31 1.17985e+19 5.95322e+36
2e+13 3.262e+31 1.32173e+19 1.18938e+37
4e+13 9.407e+31 1.52963e+19 2.37517e+37
8e+13 2.746e+32 1.83413e+19 4.73996e+37
1e+14 3.929e+32 1.96518e+19 5.91957e+37
1.586e+14 8.617e+32 2.32758e+19 9.36624e+37
2.57143e+14 3.97888e+33 3.77896e+19 1.51084e+38
2.99478e+14 6.41674e+33 4.63549e+19 1.75424e+38
3.42252e+14 9.72428e+33 5.63694e+19 1.99763e+38
3.8554e+14 1.40481e+34 6.78239e+19 2.24103e+38
4.29419e+14 1.95384e+34 8.06982e+19 2.48442e+38
4.73965e+14 2.63487e+34 9.49621e+19 2.72782e+38
5.19259e+14 3.46355e+34 1.10577e+20 2.97122e+38
5.65379e+14 4.45583e+34 1.27495e+20 3.21461e+38
6.1241e+14 5.62791e+34 1.45665e+20 3.45801e+38
6.60433e+14 6.99623e+34 1.65027e+20 3.7014e+38
7.09533e+14 8.57746e+34 1.85519e+20 3.9448e+38
7.59795e+14 1.03885e+35 2.07076e+20 4.18819e+38
8.11307e+14 1.24465e+35 2.29629e+20 4.43159e+38
8.64156e+14 1.47688e+35 2.53109e+20 4.67498e+38
9.18429e+14 1.73728e+35 2.77447e+20 4.91838e+38
9.74218e+14 2.02762e+35 3.02572e+20 5.16177e+38
1.03161e+15 2.34969e+35 3.28417e+20 5.40517e+38
1.09062e+15 2.66929e+35 3.52271e+20 5.64857e+38
1.15122e+15 3.01239e+35 3.76152e+20 5.89196e+38
1.21345e+15 3.38299e+35 4.00251e+20 6.13536e+38
1.27738e+15 3.78207e+35 4.24531e+20 6.37875e+38
1.34281e+15 4.02951e+35 4.38774e+20 6.62215e+38
1.40899e+15 4.20183e+35 4.48173e+20 6.86554e+38
1.47585e+15 4.37514e+35 4.57203e+20 7.10894e+38
1.54338e+15 4.5494e+35 4.65891e+20 7.35233e+38
1.61155e+15 4.72459e+35 4.7426e+20 7.59573e+38
1.68034e+15 4.90068e+35 4.82334e+20 7.83912e+38
1.74975e+15 5.07764e+35 4.9013e+20 8.08252e+38
1.81975e+15 5.25547e+35 4.97667e+20 8.32591e+38
1.89033e+15 5.43412e+35 5.04961e+20 8.56931e+38
1.89741e+15 5.45203e+35 5.05678e+20 8.59365e+38
1.90451e+15 5.46995e+35 5.06392e+20 8.61799e+38
1.91161e+15 5.48788e+35 5.07104e+20 8.64233e+38
1.91872e+15 5.50581e+35 5.07814e+20 8.66667e+38
1.91943e+15 5.50761e+35 5.07885e+20 8.6691e+38
1.92014e+15 5.5094e+35 5.07955e+20 8.67154e+38
1.92085e+15 5.5112e+35 5.08026e+20 8.67397e+38
1.92092e+15 5.51138e+35 5.08033e+20 8.67421e+38
1.92099e+15 5.51156e+35 5.0804e+20 8.67446e+38
1.92106e+15 5.51174e+35 5.08047e+20 8.6747e+38
1.92107e+15 5.51175e+35 5.08048e+20 8.67472e+38
1.92108e+15 5.51177e+35 5.08049e+20 8.67475e+38
1.92108e+15 5.51179e+35 5.0805e+20 8.67477e+38
