108
7.8 1.01e+08 1 4.6988e+24
7.86 1.01e+09 1.15795e+08 4.73494e+24
7.9 1.01e+10 1.26945e+09 4.75904e+24
8.15 1.01e+11 1.26771e+10 4.90964e+24
11.6 1.21e+12 1.21137e+11 6.98795e+24
16.4 1.4e+13 1.01736e+12 9.87952e+24
45.1 1.7e+14 6.07671e+12 2.71687e+25
212 5.82e+15 4.87239e+13 1.27711e+26
1150 1.9e+17 3.20672e+14 6.92771e+26
10440 9.744e+18 2.08569e+15 6.28915e+27
26220 4.968e+19 4.30072e+15 1.57951e+28
65870 2.431e+20 8.58533e+15 3.96805e+28
165400 1.151e+21 1.66113e+16 9.96375e+28
415600 5.266e+21 3.11318e+16 2.50356e+29
1.044e+06 2.318e+22 5.63708e+16 6.28892e+29
2.622e+06 9.755e+22 9.82379e+16 1.57941e+30
6.588e+06 3.911e+23 1.65137e+17 3.96821e+30
8.293e+06 5.259e+23 1.83307e+17 4.99512e+30
1.655e+07 1.435e+24 2.57523e+17 9.96798e+30
3.302e+07 3.833e+24 3.56541e+17 1.98862e+31
6.589e+07 1.006e+25 4.85503e+17 3.96781e+31
1.315e+08 2.604e+25 6.51424e+17 7.91769e+31
2.624e+08 6.676e+25 8.65391e+17 1.57965e+32
3.304e+08 8.738e+25 9.35166e+17 1.98888e+32
5.237e+08 1.629e+26 1.11304e+18 3.15201e+32
8.301e+08 3.029e+26 1.32217e+18 4.99528e+32
1.045e+09 4.129e+26 1.44086e+18 6.28786e+32
1.316e+09 5.036e+26 1.51805e+18 7.9177e+32
1.657e+09 6.86e+26 1.63996e+18 9.96832e+32
2.626e+09 1.272e+27 1.91663e+18 1.57941e+33
4.164e+09 2.356e+27 2.23947e+18 2.50377e+33
6.601e+09 4.362e+27 2.61853e+18 3.96785e+33
8.312e+09 5.662e+27 2.79322e+18 4.99547e+33
1.046e+10 7.702e+27 3.0106e+18 6.28528e+33
1.318e+10 1.048e+28 3.24613e+18 7.91813e+33
1.659e+10 1.425e+28 3.49992e+18 9.96465e+33
2.09e+10 1.938e+28 3.77474e+18 1.25505e+34
2.631e+10 2.503e+28 4.01478e+18 1.57955e+34
3.313e+10 3.404e+28 4.31783e+18 1.98849e+34
4.172e+10 4.628e+28 4.64629e+18 2.50338e+34
5.254e+10 5.949e+28 4.92736e+18 3.15172e+34
6.617e+10 8.089e+28 5.28759e+18 3.96815e+34
8.332e+10 1.1e+29 5.67765e+18 4.995e+34
1e+11 1.402e+29 6.00736e+18 5.9933e+34
2e+11 3.134e+29 7.20649e+18 1.19728e+35
4e+11 7.157e+29 8.67272e+18 2.39125e+35
8e+11 1.036e+30 9.2285e+18 4.77692e+35
1e+12 1.257e+30 9.4739e+18 5.96927e+35
2e+12 2.122e+30 1.00818e+19 1.19279e+36
4e+12 3.78e+30 1.06541e+19 2.38375e+36
8e+12 8.527e+30 1.14548e+19 4.76389e+36
1e+13 1.162e+31 1.17985e+19 5.95322e+36
2e+13 3.262e+31 1.32173e+19 1.18938e+37
4e+13 9.407e+31 1.52963e+19 2.37517e+37
8e+13 2.746e+32 1.83413e+19 4.73996e+37
1e+14 3.929e+32 1.96518e+19 5.91957e+37
1.586e+14 8.617e+32 2.32758e+19 9.36624e+37
2.56678e+14 1.8035e+33 2.78206e+19 1.51084e+38
2.92037e+14 2.19786e+33 2.92474e+19 1.71719e+38
3.27451e+14 2.61894e+33 3.05959e+19 1.92354e+38
3.62917e+14 3.0654e+33 3.18781e+19 2.12989e+38
3.98443e+14 4.01346e+33 3.4314e+19 2.33624e+38
4.34113e+14 5.84027e+33 3.86396e+19 2.54259e+38
4.69973e+14 8.25331e+33 4.38808e+19 2.74894e+38
5.06063e+14 1.13749e+34 5.01314e+19 2.95528e+38
5.42426e+14 1.53412e+34 5.74828e+19 3.16163e+38
5.79112e+14 2.03027e+34 6.60228e+19 3.36798e+38
6.16175e+14 2.64247e+34 7.5834e+19 3.57433e+38
6.53672e+14 3.38875e+34 8.6993e+19 3.78068e+38
6.91667e+14 4.28872e+34 9.95686e+19 3.98703e+38
7.3023e+14 5.36357e+34 1.13621e+20 4.19338e+38
7.69433e+14 6.63609e+34 1.29201e+20 4.39973e+38
8.09356e+14 8.1308e+34 1.46348e+20 4.60608e+38
8.50085e+14 9.87385e+34 1.6509e+20 4.81242e+38
8.9171e+14 1.18932e+35 1.85445e+20 5.01877e+38
9.34326e+14 1.42185e+35 2.07417e+20 5.22512e+38
9.78036e+14 1.68812e+35 2.30998e+20 5.43147e+38
1.02295e+15 1.99147e+35 2.56169e+20 5.63782e+38
1.06918e+15 2.33542e+35 2.829e+20 5.84417e+38
1.11684e+15 2.72367e+35 3.11151e+20 6.05052e+38
1.16603e+15 3.08755e+35 3.3605e+20 6.25687e+38
1.21623e+15 3.31941e+35 3.51035e+20 6.46321e+38
1.26727e+15 3.56058e+35 3.65882e+20 6.66956e+38
1.31916e+15 3.81111e+35 3.80592e+20 6.87591e+38
1.3719e+15 4.07107e+35 3.95166e+20 7.08226e+38
1.4255e+15 4.34054e+35 4.09603e+20 7.28861e+38
1.47997e+15 4.61956e+35 4.23905e+20 7.49496e+38
1.5353e+15 4.90821e+35 4.38072e+20 7.70131e+38
1.59151e+15 5.20655e+35 4.52105e+20 7.90766e+38
1.6486e+15 5.51463e+35 4.66006e+20 8.114e+38
1.70657e+15 5.83251e+35 4.79775e+20 8.32035e+38
1.76544e+15 6.16025e+35 4.93415e+20 8.5267e+38
1.8252e+15 6.49791e+35 5.06925e+20 8.73305e+38
1.88586e+15 6.84554e+35 5.20307e+20 8.9394e+38
1.94742e+15 7.2032e+35 5.33564e+20 9.14575e+38
2.0099e+15 7.57093e+35 5.46695e+20 9.3521e+38
2.07329e+15 7.94879e+35 5.59704e+20 9.55845e+38
2.13761e+15 8.33684e+35 5.72591e+20 9.76479e+38
2.20284e+15 8.73512e+35 5.85357e+20 9.97114e+38
2.26901e+15 9.14367e+35 5.98005e+20 1.01775e+39
2.33611e+15 9.56257e+35 6.10535e+20 1.03838e+39
2.34287e+15 9.60502e+35 6.11782e+20 1.04045e+39
2.34964e+15 9.64759e+35 6.13027e+20 1.04251e+39
2.35642e+15 9.69025e+35 6.14272e+20 1.04457e+39
2.3571e+15 9.69453e+35 6.14396e+20 1.04478e+39
2.35778e+15 9.6988e+35 6.1452e+20 1.04499e+39
2.35846e+15 9.70307e+35 6.14645e+20 1.04519e+39
2.35914e+15 9.70735e+35 6.14769e+20 1.0454e+39
