500
1.49403e+05 1.02095e+21 9.999999999999999e-01 9.000251998704820e+28 
1.56675e+05 1.10444e+21 5.455968387962213e+14 9.438292531906210e+28 
1.64302e+05 1.19438e+21 1.106083072387782e+15 9.897802451251855e+28 
1.72300e+05 1.29122e+21 1.681521888063833e+15 1.037958453484961e+29 
1.80679e+05 1.39529e+21 2.271229783677861e+15 1.088432830230967e+29 
1.89480e+05 1.50735e+21 2.876764785658037e+15 1.141451342569093e+29 
1.98709e+05 1.62786e+21 3.497671102556038e+15 1.197046624134763e+29 
2.08376e+05 1.75715e+21 4.132935619497540e+15 1.255282873880964e+29 
2.18516e+05 1.89615e+21 4.784193262485210e+15 1.316365127862415e+29 
2.29161e+05 2.04560e+21 5.451949336268587e+15 1.380496271464331e+29 
2.40322e+05 2.20598e+21 6.135191941945091e+15 1.447729277783236e+29 
2.52025e+05 2.37795e+21 6.833852907389486e+15 1.518225854578864e+29 
2.64277e+05 2.56270e+21 7.549550654330301e+15 1.592035480009048e+29 
2.77142e+05 2.76135e+21 8.283425651795231e+15 1.669533389782604e+29 
2.90647e+05 2.97500e+21 9.036047687388728e+15 1.750889478233435e+29 
3.04775e+05 3.20471e+21 9.807695430277588e+15 1.835994880648048e+29 
3.19618e+05 3.45280e+21 1.060241925298898e+16 1.925407226285572e+29 
3.35181e+05 3.72051e+21 1.142014737720549e+16 2.019161236037822e+29 
3.51488e+05 4.01047e+21 1.226470641068384e+16 2.117393587150146e+29 
3.68606e+05 4.32562e+21 1.314005238776152e+16 2.220513197236751e+29 
3.86557e+05 4.66927e+21 1.405019318709415e+16 2.328649739220794e+29 
4.05364e+05 5.04588e+21 1.500132142167469e+16 2.441946766076283e+29 
4.25093e+05 5.45927e+21 1.599692088280614e+16 2.560795018326688e+29 
4.45806e+05 5.90655e+21 1.702414668973188e+16 2.685567577728060e+29 
4.67492e+05 6.38794e+21 1.807839170215538e+16 2.816204107380719e+29 
4.90254e+05 6.90615e+21 1.916060521561648e+16 2.953323017870738e+29 
5.14116e+05 7.46371e+21 2.027094908297754e+16 3.097061529862661e+29 
5.39138e+05 8.06346e+21 2.140989864001622e+16 3.247797122377920e+29 
5.65390e+05 8.70817e+21 2.257737837760819e+16 3.405939048720674e+29 
5.92908e+05 9.40081e+21 2.377343076503450e+16 3.571706395441306e+29 
6.21766e+05 1.01453e+22 2.499938588151942e+16 3.745541005527566e+29 
6.52044e+05 1.09456e+22 2.625594791320091e+16 3.927934693948830e+29 
6.83779e+05 1.18051e+22 2.754289616186312e+16 4.119105442672582e+29 
7.17070e+05 1.27291e+22 2.886216824318083e+16 4.319646166744292e+29 
7.51983e+05 1.37231e+22 3.021548463785179e+16 4.529958967618074e+29 
7.88593e+05 1.47930e+22 3.160455579296489e+16 4.750494203274479e+29 
8.26969e+05 1.59457e+22 3.303167117035120e+16 4.981662602791117e+29 
8.67229e+05 1.71901e+22 3.450070743362339e+16 5.224188493832130e+29 
9.09449e+05 1.85369e+22 3.601689363684955e+16 5.478511394938888e+29 
9.53712e+05 1.99976e+22 3.758495745272139e+16 5.745145181286269e+29 
1.00014e+06 2.15875e+22 3.921241939424229e+16 6.024846624827082e+29 
1.04882e+06 2.33245e+22 4.090787843925275e+16 6.318072225423643e+29 
1.09989e+06 2.52047e+22 4.265808519661509e+16 6.625709941153811e+29 
1.15343e+06 2.72241e+22 4.445054628791536e+16 6.948208061565819e+29 
1.20959e+06 2.93925e+22 4.628600032294224e+16 7.286491761588028e+29 
1.26846e+06 3.17151e+22 4.816068424273833e+16 7.641116704342443e+29 
1.33021e+06 3.42048e+22 5.007696300093817e+16 8.013085725906238e+29 
1.39498e+06 3.68708e+22 5.203366278831454e+16 8.403240430806100e+29 
1.46286e+06 3.97243e+22 5.403074808231418e+16 8.812171729410590e+29 
1.53408e+06 4.27763e+22 5.606765924324761e+16 9.241185521071665e+29 
1.60877e+06 4.60437e+22 5.814707013941791e+16 9.691042126951817e+29 
1.68702e+06 4.95354e+22 6.026613317306111e+16 1.016243404311384e+30 
1.76922e+06 5.32773e+22 6.243157808175520e+16 1.065756980864649e+30 
1.85531e+06 5.72788e+22 6.463979239651028e+16 1.117612403165556e+30 
1.94568e+06 6.15721e+22 6.689893340751879e+16 1.172050831435478e+30 
2.04039e+06 6.61801e+22 6.921113960080351e+16 1.229100881489945e+30 
2.13974e+06 7.11319e+22 7.158045092237730e+16 1.288945098382727e+30 
2.24392e+06 7.64714e+22 7.401661840576138e+16 1.351701400389788e+30 
2.35304e+06 8.22453e+22 7.652872941952573e+16 1.417427583011376e+30 
2.46772e+06 8.85306e+22 7.913633640186138e+16 1.486506763754401e+30 
2.58778e+06 9.53765e+22 8.184457651225517e+16 1.558827867072673e+30 
2.71373e+06 1.02858e+23 8.466708221591467e+16 1.634692269958074e+30 
2.84593e+06 1.10922e+23 8.756813479388906e+16 1.714324951431845e+30 
2.98428e+06 1.19579e+23 9.053798969957147e+16 1.797659733296137e+30 
3.12967e+06 1.28890e+23 9.358391605338349e+16 1.885231797686282e+30 
3.28202e+06 1.38874e+23 9.669837850923198e+16 1.977002816856064e+30 
3.44174e+06 1.49591e+23 9.988631812195726e+16 2.073210105592456e+30 
3.60933e+06 1.61074e+23 1.031436728503323e+17 2.174156524752838e+30 
3.78505e+06 1.73361e+23 1.064670749743098e+17 2.279997003580173e+30 
3.96926e+06 1.86501e+23 1.098564461167346e+17 2.390956024794229e+30 
4.16261e+06 2.00552e+23 1.133124147358385e+17 2.507413216263629e+30 
4.36508e+06 2.15522e+23 1.168234544544354e+17 2.629367273822961e+30 
4.57780e+06 2.31488e+23 1.203944705383183e+17 2.757493811074681e+30 
4.80056e+06 2.48474e+23 1.240171566604920e+17 2.891668500727891e+30 
5.03419e+06 2.66527e+23 1.276887785517500e+17 3.032393465629167e+30 
5.27927e+06 2.85681e+23 1.314034607786757e+17 3.180007401332895e+30 
5.53624e+06 3.05983e+23 1.351580234530839e+17 3.334786055360769e+30 
5.80578e+06 3.27485e+23 1.389499523899721e+17 3.497138864512906e+30 
6.08840e+06 3.50203e+23 1.427703392337845e+17 3.667361840480980e+30 
6.38486e+06 3.74166e+23 1.466129366046485e+17 3.845926997778787e+30 
6.69566e+06 3.99366e+23 1.504666208300439e+17 4.033122312468265e+30 
7.02152e+06 4.25198e+23 1.542338113686395e+17 4.229389804013440e+30 
7.36351e+06 4.51749e+23 1.579259287060908e+17 4.435372406187197e+30 
7.72193e+06 4.79500e+23 1.616054150163228e+17 4.651247990364837e+30 
8.09782e+06 5.09269e+23 1.653688470536717e+17 4.877645917678198e+30 
8.49200e+06 5.42097e+23 1.693262697184340e+17 5.115060372155676e+30 
8.90554e+06 5.77856e+23 1.734369534004924e+17 5.364132448830319e+30 
9.33896e+06 6.16681e+23 1.776928674330886e+17 5.625183087570057e+30 
9.79369e+06 6.58874e+23 1.821033473131613e+17 5.899059413173233e+30 
1.02705e+07 7.04716e+23 1.866727928072481e+17 6.186242497308631e+30 
1.07704e+07 7.54528e+23 1.914074418130613e+17 6.487294669128238e+30 
1.12947e+07 8.08617e+23 1.963099516019740e+17 6.803080487469465e+30 
1.18445e+07 8.67369e+23 2.013879740301332e+17 7.134249724552985e+30 
1.24212e+07 9.31049e+23 2.066363403407778e+17 7.481569830961448e+30 
1.30258e+07 9.99995e+23 2.120550557538674e+17 7.845656953416899e+30 
1.36601e+07 1.07447e+24 2.176366126641781e+17 8.227731128775966e+30 
1.43251e+07 1.15466e+24 2.233673454144672e+17 8.628193317069039e+30 
1.50225e+07 1.24070e+24 2.292309279372045e+17 9.048192973006905e+30 
1.57539e+07 1.33257e+24 2.352008075053611e+17 9.488699138128332e+30 
1.65207e+07 1.43382e+24 2.414721894984578e+17 9.950516111697882e+30 
1.73276e+07 1.77206e+24 2.615884158629407e+17 1.043644537912378e+31 
1.81706e+07 1.85832e+24 2.664473326388702e+17 1.094416022182197e+31 
1.90553e+07 1.97801e+24 2.728729035196965e+17 1.147694327319960e+31 
1.99828e+07 2.10778e+24 2.795212153317745e+17 1.203551781666963e+31 
2.09556e+07 2.24476e+24 2.862130491741505e+17 1.262133234344196e+31 
2.19756e+07 2.39366e+24 2.931500834189797e+17 1.323560193456513e+31 
2.30454e+07 2.54852e+24 3.000295128379208e+17 1.387982835999931e+31 
2.41672e+07 2.71676e+24 3.071563988281426e+17 1.455542990592615e+31 
2.53436e+07 2.89412e+24 3.143206750908532e+17 1.526381137832727e+31 
2.65774e+07 3.08698e+24 3.217495169990508e+17 1.600680634740421e+31 
2.78710e+07 3.28777e+24 3.291250693603570e+17 1.678580699216720e+31 
2.92278e+07 3.50543e+24 3.367489886851619e+17 1.760286604898968e+31 
3.06506e+07 3.73533e+24 3.444275947051194e+17 1.845964804123455e+31 
3.21427e+07 3.98410e+24 3.523509068708171e+17 1.935812483609595e+31 
3.37072e+07 4.24502e+24 3.602755976895311e+17 2.030023416436006e+31 
3.53480e+07 4.52626e+24 3.684207524904732e+17 2.128830030391116e+31 
3.70687e+07 4.82469e+24 3.766626564308179e+17 2.232443345997263e+31 
3.88731e+07 5.14477e+24 3.850919582379256e+17 2.341096028852159e+31 
4.07654e+07 5.48392e+24 3.936089356380398e+17 2.455040726520267e+31 
4.27498e+07 5.84709e+24 4.023057896037265e+17 2.574530172778250e+31 
4.48308e+07 6.23464e+24 4.111556314947162e+17 2.699834797008748e+31 
4.70132e+07 6.64631e+24 4.201199530543533e+17 2.831242235982885e+31 
4.93017e+07 7.08660e+24 4.292621988733638e+17 2.969036401051955e+31 
5.17016e+07 7.55546e+24 4.385459717417315e+17 3.113543508179695e+31 
5.42184e+07 8.05843e+24 4.480428319670426e+17 3.265083164207854e+31 
5.68576e+07 8.58867e+24 4.575897054352213e+17 3.423989973334476e+31 
5.96254e+07 9.15916e+24 4.673844147471798e+17 3.590639195609794e+31 
6.25280e+07 9.76457e+24 4.772960608058595e+17 3.765398506845144e+31 
6.55716e+07 1.04159e+25 4.874654422365210e+17 3.948652397313081e+31 
6.87636e+07 1.11006e+25 4.976583071191165e+17 4.140837774307831e+31 
7.21109e+07 1.18384e+25 5.081318677132232e+17 4.342367711251308e+31 
7.56211e+07 1.26206e+25 5.187208498479734e+17 4.553707141341449e+31 
7.93023e+07 1.34618e+25 5.295803291610628e+17 4.775332708317310e+31 
8.31627e+07 1.43480e+25 5.404885995547002e+17 5.007749382679539e+31 
8.72108e+07 1.53007e+25 5.516712683789375e+17 5.251464718820964e+31 
9.14561e+07 1.63121e+25 5.629917957933835e+17 5.507048521743190e+31 
9.59081e+07 1.73962e+25 5.745631424690089e+17 5.775068066187969e+31 
1.00577e+08 1.85444e+25 5.862496217237898e+17 6.056135886174456e+31 
1.05473e+08 1.97734e+25 5.981783923275218e+17 6.350872192007034e+31 
1.10607e+08 2.10816e+25 6.102856859835800e+17 6.659958712946124e+31 
1.15991e+08 2.24774e+25 6.226037461557134e+17 6.984087610860417e+31 
1.21637e+08 2.39643e+25 6.351174977790395e+17 7.323978596916061e+31 
1.27559e+08 2.55485e+25 6.478303903254592e+17 7.680423397157406e+31 
1.33768e+08 2.72379e+25 6.607586978027636e+17 8.054203499510758e+31 
1.40279e+08 2.90338e+25 6.738636401092490e+17 8.446181519416949e+31 
1.47108e+08 3.09532e+25 6.872198647895465e+17 8.857239865408302e+31 
1.54269e+08 3.29938e+25 7.007603793782570e+17 9.288292860460537e+31 
1.61779e+08 3.51695e+25 7.145268375523895e+17 9.740313859302731e+31 
1.69654e+08 3.74833e+25 7.284876282851044e+17 1.021433547601449e+32 
1.77913e+08 3.99528e+25 7.426959778940840e+17 1.071147996719076e+32 
1.86573e+08 4.25804e+25 7.571123563250495e+17 1.123273131244990e+32 
1.95655e+08 4.53729e+25 7.717222547110986e+17 1.177939591866152e+32 
2.05180e+08 4.83587e+25 7.866182401796946e+17 1.235264474277383e+32 
2.15167e+08 5.15258e+25 8.016851946824248e+17 1.295376164492175e+32 
2.25640e+08 5.49057e+25 8.170184307186486e+17 1.358412684383470e+32 
2.36625e+08 5.84758e+25 8.324620519224298e+17 1.424524190230814e+32 
2.48143e+08 6.23252e+25 8.483408189413893e+17 1.493843562266437e+32 
2.60223e+08 6.63753e+25 8.642724210364443e+17 1.566548183179905e+32 
2.72891e+08 7.07126e+25 8.805417619488594e+17 1.642782503446997e+32 
2.86174e+08 7.52637e+25 8.968202640342194e+17 1.722723683084076e+32 
3.00104e+08 8.01999e+25 9.136565504651790e+17 1.806554965218446e+32 
3.14714e+08 8.53624e+25 9.304474812780360e+17 1.894474546804602e+32 
3.30033e+08 9.08936e+25 9.476027281630778e+17 1.986664725509693e+32 
3.46098e+08 9.66770e+25 9.647070801426012e+17 2.083339164703150e+32 
3.62946e+08 1.02931e+26 9.823443271901350e+17 2.184722271222349e+32 
3.80613e+08 1.09454e+26 9.998867744320810e+17 2.291034552780360e+32 
3.99142e+08 1.16378e+26 1.017645063991807e+18 2.402526924311033e+32 
4.18571e+08 1.23587e+26 1.035273931210268e+18 2.519433949665497e+32 
4.38946e+08 1.31146e+26 1.052900574129567e+18 2.642032576323212e+32 
4.60313e+08 1.39596e+26 1.071686572016237e+18 2.770600395314502e+32 
4.82721e+08 1.48723e+26 1.091038530818921e+18 2.905425998072612e+32 
5.06220e+08 1.58442e+26 1.110690318511917e+18 3.046810014277148e+32 
5.30861e+08 1.68777e+26 1.130615395666406e+18 3.195068360309066e+32 
5.56703e+08 1.79797e+26 1.150876710194362e+18 3.350543444524468e+32 
5.83802e+08 1.91511e+26 1.171413739543377e+18 3.513583541935667e+32 
6.12221e+08 2.04006e+26 1.192303871810182e+18 3.684553700898055e+32 
6.42023e+08 2.17281e+26 1.213466766194583e+18 3.863843155311307e+32 
6.73275e+08 2.31439e+26 1.234989133870942e+18 4.051852616529808e+32 
7.06050e+08 2.46485e+26 1.256799683932667e+18 4.249018506877551e+32 
7.40419e+08 2.62525e+26 1.278971565150184e+18 4.455768885089904e+32 
7.76462e+08 2.79568e+26 1.301437165243934e+18 4.672585932412944e+32 
8.14259e+08 2.97732e+26 1.324268505375871e+18 4.899946365389201e+32 
8.53896e+08 3.17046e+26 1.347417635241928e+18 5.138364647294061e+32 
8.95461e+08 3.37587e+26 1.370895179639122e+18 5.388382028705256e+32 
9.39052e+08 3.59437e+26 1.394710140508474e+18 5.650575339913310e+32 
9.84763e+08 3.82686e+26 1.418872045314152e+18 5.925508090673040e+32 
1.03270e+09 4.07435e+26 1.443399699564227e+18 6.213827942285258e+32 
1.08297e+09 4.33646e+26 1.468169717861212e+18 6.516174504046215e+32 
1.13569e+09 4.61565e+26 1.493329719628691e+18 6.833227327836860e+32 
1.19097e+09 4.91160e+26 1.518761420748076e+18 7.165703730080161e+32 
1.24895e+09 5.22663e+26 1.544576819337475e+18 7.514349728548551e+32 
1.30974e+09 5.55740e+26 1.570423711852036e+18 7.879964095731122e+32 
1.37350e+09 5.90779e+26 1.596535958787621e+18 8.263364629612405e+32 
1.44036e+09 6.25008e+26 1.620859886066182e+18 8.665410862981186e+32 
1.51047e+09 6.61611e+26 1.645658136748946e+18 9.087020984604591e+32 
1.58400e+09 7.02122e+26 1.671829201985552e+18 9.529139130051979e+32 
1.66111e+09 7.45062e+26 1.698283902191132e+18 9.992774706192603e+32 
1.74197e+09 7.91208e+26 1.725393853416544e+18 1.047896200864002e+33 
1.82676e+09 8.39794e+26 1.752612032269054e+18 1.098874021509991e+33 
1.91570e+09 8.92596e+26 1.780818291632949e+18 1.152346028262378e+33 
2.00895e+09 9.48135e+26 1.809110051835092e+18 1.208408864006847e+33 
2.10674e+09 1.00764e+27 1.838016453903888e+18 1.267200172984413e+33 
2.20928e+09 1.07024e+27 1.867013515838447e+18 1.328847722176761e+33 
2.31683e+09 1.13756e+27 1.896746298430007e+18 1.393501602121216e+33 
2.42962e+09 1.20746e+27 1.926191039676348e+18 1.461298775000106e+33 
2.54788e+09 1.28105e+27 1.955746795093479e+18 1.532386834560773e+33 
2.67192e+09 1.36104e+27 1.986382531121826e+18 1.606944265208370e+33 
2.80197e+09 1.44470e+27 2.016935491008585e+18 1.685114570854569e+33 
2.93838e+09 1.53488e+27 2.048341619588099e+18 1.767102257263490e+33 
3.08141e+09 1.62990e+27 2.079902629872884e+18 1.853071832591360e+33 
3.23141e+09 1.72188e+27 2.109034712331597e+18 1.943223247704176e+33 
3.38870e+09 1.82440e+27 2.139984420287385e+18 2.037749714642069e+33 
3.55366e+09 1.94204e+27 2.173853859962246e+18 2.136887077688040e+33 
3.72665e+09 2.06679e+27 2.208106120124001e+18 2.240841580549279e+33 
3.90805e+09 2.19969e+27 2.242903758317670e+18 2.349850491823304e+33 
4.09829e+09 2.34097e+27 2.278178967284260e+18 2.464164922036503e+33 
4.29779e+09 2.49147e+27 2.314011608832819e+18 2.584037849189082e+33 
4.50700e+09 2.65135e+27 2.350309205346827e+18 2.709742728664704e+33 
4.72640e+09 2.82190e+27 2.387232001475702e+18 2.841563288989385e+33 
4.95647e+09 3.00300e+27 2.424617408688822e+18 2.979787788167620e+33 
5.19775e+09 3.19598e+27 2.462606545560834e+18 3.124740707365350e+33 
5.45077e+09 3.40092e+27 2.501076324225846e+18 3.276745097052410e+33 
5.71609e+09 3.61955e+27 2.540211666116502e+18 3.436130970093534e+33 
5.99435e+09 3.85167e+27 2.579831587171816e+18 3.603280066225618e+33 
6.28615e+09 4.09900e+27 2.620087122478267e+18 3.778555067761754e+33 
6.59214e+09 4.36173e+27 2.660866059278840e+18 3.962344814516780e+33 
6.91305e+09 4.64180e+27 2.702315550406783e+18 4.155086154838026e+33 
7.24956e+09 4.93938e+27 2.744313760521825e+18 4.357190404660169e+33 
7.60246e+09 5.25616e+27 2.786944901191349e+18 4.569126466568497e+33 
7.97253e+09 5.59303e+27 2.830173111799066e+18 4.791368812601230e+33 
8.36063e+09 5.95787e+27 2.874852869307553e+18 5.024422829771799e+33 
8.76761e+09 6.24803e+27 2.908717026944173e+18 5.268799156613086e+33 
9.19441e+09 6.60706e+27 2.948644975397117e+18 5.525070777798464e+33 
9.64197e+09 7.03140e+27 2.993658823334472e+18 5.793800882509835e+33 
1.01113e+10 7.48341e+27 3.039392961395422e+18 6.075602773450595e+33 
1.06035e+10 7.96559e+27 3.085913312181968e+18 6.371097550549887e+33 
1.11197e+10 8.47912e+27 3.133158771960542e+18 6.680969291707954e+33 
1.16610e+10 9.02662e+27 3.181191125662946e+18 7.005906371740686e+33 
1.22286e+10 9.60957e+27 3.229958385580560e+18 7.346631839084285e+33 
1.28239e+10 1.02310e+28 3.279534992629289e+18 7.703939359965575e+33 
1.34481e+10 1.08924e+28 3.329844842196238e+18 8.078606176454244e+33 
1.41028e+10 1.15974e+28 3.380979500315486e+18 8.471499305726139e+33 
1.47893e+10 1.23477e+28 3.432874644267961e+18 8.883499083522205e+33 
1.55092e+10 1.31475e+28 3.485632079062088e+18 9.315518670139776e+33 
1.62642e+10 1.39986e+28 3.539155669696915e+18 9.768536164110431e+33 
1.70559e+10 1.49055e+28 3.593549981518063e+18 1.024358041406920e+34 
1.78862e+10 1.58706e+28 3.648742340672625e+18 1.074177772178016e+34 
1.87568e+10 1.68997e+28 3.704861053928868e+18 1.126410499928007e+34 
1.96699e+10 1.79943e+28 3.761784268763467e+18 1.181186792286659e+34 
2.06274e+10 1.91609e+28 3.819631429516126e+18 1.238625203653968e+34 
2.16315e+10 2.04022e+28 3.878323089344791e+18 1.298851813704281e+34 
2.26844e+10 2.17255e+28 3.937989088392318e+18 1.362007582093168e+34 
2.37887e+10 2.31326e+28 3.998487612569588e+18 1.428239351549744e+34 
2.49467e+10 2.46321e+28 4.059974681244707e+18 1.497681594000166e+34 
2.61612e+10 2.61008e+28 4.117406533612739e+18 1.570511768608345e+34 
2.74346e+10 2.75964e+28 4.173197848575462e+18 1.646874100242571e+34 
2.87700e+10 2.88854e+28 4.219021419425009e+18 1.726945791091484e+34 
3.01705e+10 3.06003e+28 4.277116199968524e+18 1.810912667400107e+34 
3.16392e+10 3.24779e+28 4.337805855220672e+18 1.898968305162959e+34 
3.31794e+10 3.44693e+28 4.399188617672001e+18 1.991297332096638e+34 
3.47945e+10 3.65802e+28 4.461236987194329e+18 2.088112505898971e+34 
3.64882e+10 3.88183e+28 4.523965762115638e+18 2.189639077859313e+34 
3.82644e+10 4.11897e+28 4.587347931188125e+18 2.296093035720411e+34 
4.01271e+10 4.37017e+28 4.651367167467382e+18 2.407733570489346e+34 
4.20803e+10 4.63809e+28 4.716498947835418e+18 2.524785098943654e+34 
4.41287e+10 4.88618e+28 4.774028637685728e+18 2.647531986411033e+34 
4.62769e+10 5.10636e+28 4.822684292110345e+18 2.776249609433850e+34 
4.85296e+10 5.39789e+28 4.884066736190942e+18 2.911227284679738e+34 
5.08920e+10 5.75080e+28 4.954959336842315e+18 3.052761302543173e+34 
5.33693e+10 6.12409e+28 5.026486028490548e+18 3.201172446707296e+34 
5.59673e+10 6.52231e+28 5.099244104856163e+18 3.356794855631630e+34 
5.86917e+10 6.94596e+28 5.173054942669123e+18 3.519981210676451e+34 
6.15487e+10 7.39702e+28 5.247990031719802e+18 3.691096312799402e+34 
6.45448e+10 7.87716e+28 5.324054392285374e+18 3.870523017788696e+34 
6.76867e+10 8.38842e+28 5.401287349141793e+18 4.058668734564999e+34 
7.09816e+10 8.93180e+28 5.479559911565851e+18 4.255962263001924e+34 
7.44369e+10 9.51109e+28 5.559129317920424e+18 4.462836097801544e+34 
7.80605e+10 1.01265e+29 5.639734871661038e+18 4.679766900412409e+34 
8.18603e+10 1.07822e+29 5.721624366175480e+18 4.907230795121173e+34 
8.58451e+10 1.14771e+29 5.804389811466762e+18 5.145745247360771e+34 
9.00238e+10 1.22204e+29 5.888809190966067e+18 5.395842584923614e+34 
9.44062e+10 1.30069e+29 5.973973878569434e+18 5.658104877709027e+34 
9.90016e+10 1.38457e+29 6.060598302242838e+18 5.933089827530984e+34 
1.03821e+11 1.47310e+29 6.147769417728212e+18 6.221445561062748e+34 
1.08875e+11 1.56810e+29 6.236968140357421e+18 6.523806652873517e+34 
1.14175e+11 1.66806e+29 6.326468562564412e+18 6.840852920100741e+34 
1.19733e+11 1.77459e+29 6.417414723590756e+18 7.173297353141992e+34 
1.25561e+11 1.88607e+29 6.508184870297583e+18 7.521885750193636e+34 
1.31673e+11 1.99957e+29 6.598537144065736e+18 7.887394194458127e+34 
1.38083e+11 2.01840e+29 6.612475474425244e+18 8.270687610122446e+34 
1.44804e+11 2.11514e+29 6.679474600259745e+18 8.672636769220105e+34 
1.51853e+11 2.24903e+29 6.769543618769985e+18 9.094101750233656e+34 
1.59245e+11 2.39003e+29 6.860051206731161e+18 9.536037432215815e+34 
1.66997e+11 2.53975e+29 6.951697650093225e+18 9.999444819555609e+34 
1.75126e+11 2.69799e+29 7.044057427402708e+18 1.048535683720408e+35 
1.83650e+11 2.86371e+29 7.136299960511556e+18 1.099482527392301e+35 
1.92591e+11 3.03628e+29 7.227945679401490e+18 1.152914348572721e+35 
2.01966e+11 3.18054e+29 7.300956808332442e+18 1.208936760998151e+35 
2.11798e+11 3.37431e+29 7.394404577068575e+18 1.267678082597252e+35 
2.22107e+11 3.58468e+29 7.491206185423855e+18 1.329270363536138e+35 
2.32920e+11 3.80706e+29 7.588786805668547e+18 1.393862863735657e+35 
2.44258e+11 4.04106e+29 7.686702821922199e+18 1.461586855268734e+35 
2.56147e+11 4.28613e+29 7.784530222710928e+18 1.532596346006811e+35 
2.68617e+11 4.50488e+29 7.867770717621890e+18 1.607062764952754e+35 
2.81692e+11 4.75353e+29 7.957948801671233e+18 1.685136120898899e+35 
2.95405e+11 5.04905e+29 8.060161456700206e+18 1.767015582514301e+35 
3.09785e+11 5.35911e+29 8.162453509556409e+18 1.852863830610278e+35 
3.24865e+11 5.68560e+29 8.265158751483788e+18 1.942880684977743e+35 
3.40678e+11 6.02718e+29 8.367628826472459e+18 2.037258598781636e+35 
3.57262e+11 6.38183e+29 8.469086188063421e+18 2.136233804816998e+35 
3.74653e+11 6.73911e+29 8.566649072790974e+18 2.240008545758829e+35 
3.92890e+11 7.00382e+29 8.635514502200486e+18 2.348824904632502e+35 
4.12016e+11 7.32636e+29 8.715484290504209e+18 2.462931964655330e+35 
4.32072e+11 7.66692e+29 8.796066957634807e+18 2.582580594215642e+35 
4.53105e+11 7.96383e+29 8.863082725786080e+18 2.708047033963582e+35 
4.75162e+11 8.22549e+29 8.919394351178196e+18 2.839611243120541e+35 
4.98291e+11 8.46302e+29 8.968135153123864e+18 2.977566551677171e+35 
5.22547e+11 8.68818e+29 9.012187985497751e+18 3.122234164468885e+35 
5.47985e+11 8.90640e+29 9.052900517507626e+18 3.273940681408718e+35 
5.74659e+11 9.12304e+29 9.091442084656915e+18 3.433012304230699e+35 
6.02633e+11 9.34089e+29 9.128397659277091e+18 3.599833924672925e+35 
6.31969e+11 9.56295e+29 9.164318709406921e+18 3.774763855879309e+35 
6.62731e+11 9.79088e+29 9.199480377378176e+18 3.958194690912755e+35 
6.94993e+11 1.00258e+30 9.234040045588292e+18 4.150559907236300e+35 
7.28823e+11 1.02661e+30 9.267753872123437e+18 4.352272084808074e+35 
7.64302e+11 1.05040e+30 9.299580514906333e+18 4.563799822842262e+35 
8.01507e+11 1.07328e+30 9.328780171602272e+18 4.785616739767615e+35 
8.40524e+11 1.09705e+30 9.357688966816381e+18 5.018227203925544e+35 
8.81438e+11 1.12439e+30 9.389388643987364e+18 5.262141829453147e+35 
9.24346e+11 1.15518e+30 9.423444692611437e+18 5.517931104143273e+35 
9.69342e+11 1.18839e+30 9.458474592587162e+18 5.786157369822708e+35 
1.01653e+12 1.22362e+30 9.493905961739102e+18 6.067432871960386e+35 
1.06601e+12 1.26100e+30 9.529763941829951e+18 6.362379890973616e+35 
1.11790e+12 1.30055e+30 9.565940628512168e+18 6.671682145142021e+35 
1.17232e+12 1.34256e+30 9.602586439628229e+18 6.996022774863578e+35 
1.22939e+12 1.38708e+30 9.639624246024628e+18 7.336140563188057e+35 
1.28923e+12 1.43448e+30 9.677214601559816e+18 7.692793834699068e+35 
1.35199e+12 1.48475e+30 9.715241523394931e+18 8.066791312516986e+35 
1.41780e+12 1.53828e+30 9.753853322739317e+18 8.458987338835273e+35 
1.48682e+12 1.59514e+30 9.792965790348571e+18 8.870261350293696e+35 
1.55920e+12 1.65578e+30 9.832734868760474e+18 9.301524541598475e+35 
1.63509e+12 1.72020e+30 9.873025551143223e+18 9.753758512298346e+35 
1.71469e+12 1.78889e+30 9.913995282563391e+18 1.022798823259217e+36 
1.79817e+12 1.86195e+30 9.955549721683659e+18 1.072533549995155e+36 
1.88569e+12 1.93987e+30 9.997813248116990e+18 1.124678545910113e+36 
1.97749e+12 2.02279e+30 1.004069500995407e+19 1.179362519831005e+36 
2.07375e+12 2.11113e+30 1.008426352468211e+19 1.236706121785775e+36 
2.17469e+12 2.20495e+30 1.012838669909720e+19 1.296833342861636e+36 
2.28055e+12 2.30448e+30 1.017302546562007e+19 1.359887806156675e+36 
2.39157e+12 2.40929e+30 1.021784517298355e+19 1.426012489101504e+36 
2.50798e+12 2.51957e+30 1.026282008791692e+19 1.495344914847580e+36 
2.63007e+12 2.63706e+30 1.030850890569951e+19 1.568060014373006e+36 
2.75810e+12 2.76396e+30 1.035556056551619e+19 1.644303294547302e+36 
2.89235e+12 2.90092e+30 1.040398974692007e+19 1.724249621182989e+36 
3.03315e+12 3.04750e+30 1.045341278919876e+19 1.808087255094545e+36 
3.18080e+12 3.20404e+30 1.050374824919906e+19 1.896005847839690e+36 
3.33564e+12 3.37093e+30 1.055491711006478e+19 1.988193393001774e+36 
3.49801e+12 3.54878e+30 1.060691555296408e+19 2.084861369524460e+36 
3.66829e+12 3.73813e+30 1.065970862864803e+19 2.186235445640247e+36 
3.84685e+12 3.93983e+30 1.071333118887162e+19 2.292527793034721e+36 
4.03412e+12 4.15457e+30 1.076777280295927e+19 2.404003797359208e+36 
4.23048e+12 4.38338e+30 1.082308750988594e+19 2.520881372125917e+36 
4.43642e+12 4.62684e+30 1.087921125941030e+19 2.643448397056763e+36 
4.65238e+12 4.88611e+30 1.093620552469830e+19 2.771976188490831e+36 
4.87886e+12 5.16168e+30 1.099396909850816e+19 2.906754491527979e+36 
5.11635e+12 5.45517e+30 1.105263269622917e+19 3.048078540690322e+36 
5.36541e+12 5.76728e+30 1.111212343123517e+19 3.196275814838144e+36 
5.62659e+12 6.09958e+30 1.117251993236947e+19 3.351672712298995e+36 
5.90048e+12 6.45261e+30 1.123370627140063e+19 3.514625323186744e+36 
6.18771e+12 6.82818e+30 1.129577786870775e+19 3.685500118704567e+36 
6.48891e+12 7.22703e+30 1.135863695100020e+19 3.864673751377236e+36 
6.80478e+12 7.65126e+30 1.142238975328209e+19 4.052560532801118e+36 
7.13603e+12 8.10189e+30 1.148696654148124e+19 4.249582025399514e+36 
7.48340e+12 8.58112e+30 1.155245375231060e+19 4.456177117047811e+36 
7.84769e+12 9.08994e+30 1.161875413663898e+19 4.672816085019525e+36 
8.22969e+12 9.63085e+30 1.168596403236524e+19 4.899971913635803e+36 
8.63031e+12 1.02049e+31 1.175398573045077e+19 5.138184177008304e+36 
9.05041e+12 1.08149e+31 1.182290401239530e+19 5.387957467724426e+36 
9.49099e+12 1.14621e+31 1.189263129081119e+19 5.649885619498318e+36 
9.95298e+12 1.21496e+31 1.196326307790581e+19 5.924526142292910e+36 
1.04375e+13 1.28798e+31 1.203479925317778e+19 6.212525724249438e+36 
1.09456e+13 1.36556e+31 1.210726456843606e+19 6.514517510583673e+36 
1.14784e+13 1.44796e+31 1.218066913248464e+19 6.831183232004836e+36 
1.20371e+13 1.53553e+31 1.225505378461125e+19 7.163233482264309e+36 
1.26231e+13 1.62855e+31 1.233039781954653e+19 7.511416321108385e+36 
1.32376e+13 1.72750e+31 1.240681760526540e+19 7.876525575417039e+36 
1.38819e+13 1.83265e+31 1.248426357685917e+19 8.259368533629942e+36 
1.45577e+13 1.94450e+31 1.256281380912186e+19 8.660813988385251e+36 
1.52663e+13 2.06354e+31 1.264253622623286e+19 9.081763938981747e+36 
1.60095e+13 2.19032e+31 1.272349515650271e+19 9.523167898586614e+36 
1.67888e+13 2.32548e+31 1.280579785484163e+19 9.986018657647685e+36 
1.76060e+13 2.46960e+31 1.288948144629863e+19 1.047134893074170e+37 
1.84630e+13 2.62373e+31 1.297482208018605e+19 1.098023859487972e+37 
1.93619e+13 2.78846e+31 1.306179406111320e+19 1.151389996283903e+37 
2.03044e+13 2.96501e+31 1.315067422761029e+19 1.207348541999640e+37 
2.12927e+13 3.15422e+31 1.324150726013749e+19 1.266018978230469e+37 
2.23292e+13 3.35750e+31 1.333456241059565e+19 1.327538649904745e+37 
2.34162e+13 3.57613e+31 1.342999649033893e+19 1.392056331164409e+37 
2.45561e+13 3.81199e+31 1.352816591882835e+19 1.459698776618531e+37 
2.57514e+13 4.06643e+31 1.362914982967851e+19 1.530626647162273e+37 
2.70050e+13 4.34209e+31 1.373347608951787e+19 1.605001663340099e+37 
2.83194e+13 4.64083e+31 1.384128147559012e+19 1.682981638897188e+37 
2.96981e+13 4.96594e+31 1.395315519594550e+19 1.764760474610738e+37 
3.11438e+13 5.31982e+31 1.406926560533385e+19 1.850501967519599e+37 
3.26598e+13 5.70689e+31 1.419036716568085e+19 1.940404603383644e+37 
3.42495e+13 6.13031e+31 1.431668758601477e+19 2.034661611437234e+37 
3.59168e+13 6.59562e+31 1.444905033783382e+19 2.133507178149631e+37 
3.76651e+13 7.10728e+31 1.458783467140090e+19 2.237140884518053e+37 
3.94986e+13 7.67180e+31 1.473383719395340e+19 2.345803326896679e+37 
4.14214e+13 8.29587e+31 1.488773851317990e+19 2.459738754095163e+37 
4.34377e+13 8.98768e+31 1.505041702514320e+19 2.579196531615235e+37 
4.55522e+13 9.75576e+31 1.522262698753151e+19 2.704451737061218e+37 
4.77696e+13 1.06102e+32 1.540529570305634e+19 2.835774963131483e+37 
5.00950e+13 1.15618e+32 1.559926302513961e+19 2.973459030390397e+37 
5.25335e+13 1.26241e+32 1.580573186339134e+19 3.117815402125297e+37 
5.50909e+13 1.38178e+32 1.602696738979308e+19 3.269167963997081e+37 
5.77725e+13 1.50775e+32 1.625270170969626e+19 3.427823956525757e+37 
6.05848e+13 1.53924e+32 1.630708139004596e+19 3.594197852490155e+37 
6.35340e+13 1.54534e+32 1.631689987321930e+19 3.768663655987502e+37 
6.66267e+13 1.72570e+32 1.655582435248836e+19 3.951752534132150e+37 
6.98701e+13 1.90645e+32 1.681994012165983e+19 4.143542395095464e+37 
7.32712e+13 2.10041e+32 1.709010401127968e+19 4.344599506039751e+37 
7.68379e+13 2.32040e+32 1.738222015536734e+19 4.555383165009674e+37 
8.05783e+13 2.56762e+32 1.769520347306962e+19 4.776353044476602e+37 
8.45008e+13 2.84533e+32 1.803041417386829e+19 5.007996845203821e+37 
8.86140e+13 3.15711e+32 1.838920073015677e+19 5.250814207912784e+37 
9.29277e+13 3.50702e+32 1.877308898759129e+19 5.505356756518149e+37 
9.74513e+13 3.89974e+32 1.918385576869129e+19 5.772168538865269e+37 
1.02195e+14 4.34036e+32 1.962319477844363e+19 6.051837522015913e+37 
1.07170e+14 4.83472e+32 2.009312291626769e+19 6.344964632343609e+37 
1.12387e+14 5.38933e+32 2.059560223519631e+19 6.652205568817197e+37 
1.18244e+14 6.13270e+32 2.123702581119015e+19 6.996953651568350e+37 
1.23434e+14 6.66258e+32 2.167299129691541e+19 7.302217229943148e+37 
1.31750e+14 8.19149e+32 2.286132993269121e+19 7.790937057451666e+37 
1.38210e+14 9.16305e+32 2.357613383004606e+19 8.170186592304838e+37 
1.44991e+14 1.02614e+33 2.434584791786888e+19 8.567899297382701e+37 
1.52108e+14 1.15061e+33 2.517690478190812e+19 8.984972066501962e+37 
1.59578e+14 1.29204e+33 2.607647446631166e+19 9.422347348046784e+37 
1.67420e+14 1.45318e+33 2.705277594297656e+19 9.881013437404362e+37 
1.75654e+14 1.63728e+33 2.811520377120696e+19 1.036200666555778e+38 
1.84298e+14 1.84819e+33 2.927441111587563e+19 1.086641408104167e+38 
1.93376e+14 2.09047e+33 3.054252561971649e+19 1.139537482280157e+38 
2.02910e+14 2.36694e+33 3.192044681819823e+19 1.195008617343630e+38 
2.12924e+14 2.67882e+33 3.340029861392895e+19 1.253179852998790e+38 
2.23443e+14 3.03671e+33 3.501682306674697e+19 1.314182816481078e+38 
2.34495e+14 3.45009e+33 3.679390953791780e+19 1.378155291600490e+38 
2.46109e+14 3.92936e+33 3.875447131296271e+19 1.445241872200672e+38 
2.58317e+14 4.48637e+33 4.092226814941287e+19 1.515594138872093e+38 
2.71152e+14 5.13473e+33 4.332236683339850e+19 1.589371037305750e+38 
2.84649e+14 5.89010e+33 4.598131204575228e+19 1.666739296046353e+38 
2.98847e+14 6.77049e+33 4.892726288355013e+19 1.747873704276058e+38 
3.13788e+14 7.79653e+33 5.218992250019519e+19 1.832957653199539e+38 
3.29516e+14 8.99185e+33 5.580058600940255e+19 1.922183361381002e+38 
3.46080e+14 1.03834e+34 5.979196620046395e+19 2.015752402810844e+38 
3.63532e+14 1.20018e+34 6.419795612342111e+19 2.113876303896404e+38 
3.81927e+14 1.38818e+34 6.905348737398743e+19 2.216776719606566e+38 
4.01328e+14 1.60626e+34 7.439405789722716e+19 2.324686141795770e+38 
4.21800e+14 1.85881e+34 8.025520760588534e+19 2.437848475695759e+38 
4.43416e+14 2.15075e+34 8.667196493167708e+19 2.556519340285757e+38 
4.66254e+14 2.48751e+34 9.367790416534657e+19 2.680966972356047e+38 
4.90399e+14 2.87508e+34 1.013043003690859e+20 2.811472543715617e+38 
5.15945e+14 3.31998e+34 1.095789977932492e+20 2.948330850835907e+38 
5.42993e+14 3.82924e+34 1.185251496971239e+20 3.091851341481355e+38 
5.71651e+14 4.41040e+34 1.281602465536222e+20 3.242358094517995e+38 
6.02041e+14 5.07138e+34 1.384948132234619e+20 3.400191339772833e+38 
6.34292e+14 5.82048e+34 1.495316787156143e+20 3.565707691665348e+38 
6.68543e+14 6.66628e+34 1.612653705211819e+20 3.739281079486846e+38 
7.04948e+14 7.61755e+34 1.736818626246149e+20 3.921303780702749e+38 
7.43671e+14 8.68319e+34 1.867588625606418e+20 4.112187190193919e+38 
7.84888e+14 9.87216e+34 2.004665433876207e+20 4.312362324391131e+38 
8.28791e+14 1.11935e+35 2.147683616710655e+20 4.522281806238469e+38 
8.75584e+14 1.26561e+35 2.296225576441200e+20 4.742419912727876e+38 
9.25488e+14 1.42692e+35 2.449835372742864e+20 4.973273982153535e+38 
9.78737e+14 1.60417e+35 2.608033311864662e+20 5.215365666538858e+38 
1.03558e+15 1.79830e+35 2.770330257009721e+20 5.469242020081938e+38 
1.09629e+15 2.01024e+35 2.936240213339912e+20 5.735476713668515e+38 
1.16116e+15 2.24097e+35 3.105290878094530e+20 6.014671334703212e+38 
1.23048e+15 2.49148e+35 3.277031704900987e+20 6.307456788433664e+38 
1.30460e+15 2.76281e+35 3.451040162349050e+20 6.614494459033828e+38 
1.38384e+15 3.05608e+35 3.626924621399566e+20 6.936478444396912e+38 
1.46860e+15 3.37243e+35 3.804327815167990e+20 7.274136024251876e+38 
1.55926e+15 3.71310e+35 3.982925963475827e+20 7.628230478272289e+38 
1.65624e+15 4.07938e+35 4.162429836217981e+20 7.999561451996210e+38 
1.76001e+15 4.47267e+35 4.342581437843324e+20 8.388968487307119e+38 
1.87102e+15 4.89444e+35 4.523154187623249e+20 8.797331198288406e+38 
1.98981e+15 5.34628e+35 4.703949183212368e+20 9.225572508497202e+38 
2.11692e+15 5.82988e+35 4.884793946895506e+20 9.674659748387066e+38 
2.25291e+15 6.34703e+35 5.065539115851733e+20 1.014560794641805e+39 
2.39843e+15 6.89968e+35 5.246056448178362e+20 1.063948139087359e+39 
2.55412e+15 7.48986e+35 5.426236994020746e+20 1.115739588150226e+39 
2.72069e+15 8.11979e+35 5.605988486475678e+20 1.170052166176241e+39 
2.89889e+15 8.79181e+35 5.785233518673284e+20 1.227008588367592e+39 
3.08953e+15 9.50842e+35 5.963907760439208e+20 1.286737561960708e+39 
3.29345e+15 1.02723e+36 6.141958207957537e+20 1.349374070196651e+39 
3.51157e+15 1.10863e+36 6.319342247980525e+20 1.415059633835820e+39 
3.74486e+15 1.19535e+36 6.496025953902566e+20 1.483942661281159e+39 
3.99436e+15 1.28771e+36 6.671982933414556e+20 1.556178800875371e+39 
4.26115e+15 1.38605e+36 6.847193262684137e+20 1.631931314976894e+39 
4.54644e+15 1.49076e+36 7.021643081503145e+20 1.711371335928598e+39 
4.85146e+15 1.60221e+36 7.195323162878457e+20 1.794678398534938e+39 
