400
1.26064e+05 6.72791e+20 9.999999999999999e-01 7.594232970704586e+28 
1.33778e+05 7.43433e+20 5.437791735440628e+14 8.058944644692231e+28 
1.41964e+05 8.21532e+20 1.110294412107008e+15 8.552092317099652e+28 
1.50651e+05 9.07809e+20 1.700042608247610e+15 9.075410986048381e+28 
1.59870e+05 1.00304e+21 2.313477824956860e+15 9.630743098471133e+28 
1.69652e+05 1.10805e+21 2.950852230390921e+15 1.022005579843228e+29 
1.80034e+05 1.22363e+21 3.611973817488170e+15 1.084546344523935e+29 
1.91051e+05 1.35110e+21 4.299055941479596e+15 1.150913255698193e+29 
2.02741e+05 1.49197e+21 5.014582546596632e+15 1.221335256322700e+29 
2.15147e+05 1.64708e+21 5.757028058905963e+15 1.296070524229260e+29 
2.28314e+05 1.81779e+21 6.526975060278058e+15 1.375385056024943e+29 
2.42285e+05 2.00617e+21 7.327642634280117e+15 1.459548891422906e+29 
2.57111e+05 2.21384e+21 8.159432535510614e+15 1.548859718971529e+29 
2.72843e+05 2.44246e+21 9.022303944371850e+15 1.643635308065592e+29 
2.89539e+05 2.69417e+21 9.917553284589194e+15 1.744212387275072e+29 
3.07258e+05 2.97134e+21 1.084650865905251e+16 1.850946849412341e+29 
3.26059e+05 3.27689e+21 1.181151962366716e+16 1.964208224183277e+29 
3.46011e+05 3.61331e+21 1.281276097364512e+16 2.084399125059420e+29 
3.67185e+05 3.98282e+21 1.384908613997904e+16 2.211952722113943e+29 
3.89655e+05 4.38982e+21 1.492472104919265e+16 2.347309516201894e+29 
4.13498e+05 4.83865e+21 1.604249824384742e+16 2.490940727928036e+29 
4.38801e+05 5.33139e+21 1.719889081646102e+16 2.643365587548804e+29 
4.65653e+05 5.87268e+21 1.839594435728209e+16 2.805122358654552e+29 
4.94148e+05 6.46930e+21 1.963929025036882e+16 2.976775116732487e+29 
5.24387e+05 7.12532e+21 2.092757994463566e+16 3.158929649807773e+29 
5.56475e+05 7.84528e+21 2.225992577147337e+16 3.352228383732982e+29 
5.90526e+05 8.63674e+21 2.364012728035032e+16 3.557351198212422e+29 
6.26661e+05 9.50695e+21 2.507014485254717e+16 3.775025027153821e+29 
6.65009e+05 1.04635e+22 2.655133758358962e+16 4.006031811865708e+29 
7.05705e+05 1.15136e+22 2.808371581795748e+16 4.251176283430692e+29 
7.48888e+05 1.26650e+22 2.966706114011156e+16 4.511307485717056e+29 
7.94714e+05 1.39311e+22 3.130761868999485e+16 4.787360133301227e+29 
8.43346e+05 1.53231e+22 3.300739922684046e+16 5.080312809385568e+29 
8.94953e+05 1.68468e+22 3.476066735000454e+16 5.391185274994101e+29 
9.49717e+05 1.85178e+22 3.657257046366634e+16 5.721079584446733e+29 
1.00783e+06 2.03563e+22 3.845119887691335e+16 6.071170084023316e+29 
1.06951e+06 2.23711e+22 4.039119045934523e+16 6.442682335177382e+29 
1.13496e+06 2.45758e+22 4.239159622658744e+16 6.836921589274732e+29 
1.20441e+06 2.69960e+22 4.446089464790304e+16 7.255281462729021e+29 
1.27811e+06 2.96510e+22 4.660012535881079e+16 7.699242345109738e+29 
1.35632e+06 3.25589e+22 4.880795620141458e+16 8.170380885798799e+29 
1.43932e+06 3.57428e+22 5.108599180652925e+16 8.670349499886881e+29 
1.52740e+06 3.92286e+22 5.343617623722946e+16 9.200904041090650e+29 
1.62086e+06 4.30517e+22 5.586517259203505e+16 9.763925911798320e+29 
1.72005e+06 4.72403e+22 5.837291098757195e+16 1.036140157053172e+30 
1.82531e+06 5.18126e+22 6.095251219283014e+16 1.099543315854725e+30 
1.93701e+06 5.68190e+22 6.361413801253979e+16 1.166826979405811e+30 
2.05554e+06 6.23142e+22 6.636715528487630e+16 1.238229586482950e+30 
2.18133e+06 6.83130e+22 6.919919816453567e+16 1.313998176527250e+30 
2.31481e+06 7.48600e+22 7.211177182865173e+16 1.394399914440550e+30 
2.45646e+06 8.20376e+22 7.512075667992730e+16 1.479725772961832e+30 
2.60678e+06 8.98888e+22 7.822236343496387e+16 1.570274639044617e+30 
2.76630e+06 9.84537e+22 8.141081325489486e+16 1.666362003757904e+30 
2.93559e+06 1.07812e+23 8.469378561709882e+16 1.768330796163044e+30 
3.11523e+06 1.18042e+23 8.807553499965832e+16 1.876540773555969e+30 
3.30586e+06 1.29225e+23 9.155910451512026e+16 1.991364701115569e+30 
3.50815e+06 1.41434e+23 9.514289692794518e+16 2.113213981396596e+30 
3.72284e+06 1.54735e+23 9.882220061463674e+16 2.242532269358208e+30 
3.95067e+06 1.69274e+23 1.026119968692315e+17 2.379765734476335e+30 
4.19244e+06 1.85181e+23 1.065192211079064e+17 2.525391414249780e+30 
4.44899e+06 2.02483e+23 1.105241148429738e+17 2.679920625884690e+30 
4.72123e+06 2.21331e+23 1.146353011868468e+17 2.843901414315286e+30 
5.01015e+06 2.41965e+23 1.188764081762935e+17 3.017923972312308e+30 
5.31675e+06 2.64456e+23 1.232326962825944e+17 3.202599909051055e+30 
5.64212e+06 2.88905e+23 1.276951952503019e+17 3.398578126184882e+30 
5.98739e+06 3.15586e+23 1.322841664917176e+17 3.606543475161576e+30 
6.35379e+06 3.44701e+23 1.370028746790542e+17 3.827230774148648e+30 
6.74262e+06 3.76409e+23 1.418456700484620e+17 4.061431147915246e+30 
7.15525e+06 4.10925e+23 1.468132554260280e+17 4.309964411769259e+30 
7.59313e+06 4.48481e+23 1.519066494806336e+17 4.573699288262780e+30 
8.05779e+06 4.89447e+23 1.571420971489764e+17 4.853568763903101e+30 
8.55088e+06 5.34110e+23 1.625209344328110e+17 5.150562055273800e+30 
9.07417e+06 5.82568e+23 1.680203450111067e+17 5.465733721293534e+30 
9.62948e+06 6.35300e+23 1.736595569837987e+17 5.800196222849256e+30 
1.02188e+07 6.92910e+23 1.794650991117820e+17 6.155128100186619e+30 
1.08441e+07 7.55480e+23 1.854069101128270e+17 6.531770302744403e+30 
1.15077e+07 8.23340e+23 1.914795395589816e+17 6.931449304812667e+30 
1.22120e+07 8.97343e+23 1.977197605957413e+17 7.355602869859880e+30 
1.29594e+07 9.77913e+23 2.041221008345357e+17 7.805720260056372e+30 
1.37524e+07 1.06535e+24 2.106693933507592e+17 8.283366495532927e+30 
1.45940e+07 1.16036e+24 2.173736955064509e+17 8.790235319170757e+30 
1.54871e+07 1.26368e+24 2.242433272441290e+17 9.328121213395602e+30 
1.64349e+07 1.37609e+24 2.312867657971918e+17 9.898933566261857e+30 
1.74407e+07 1.49825e+24 2.384998230808645e+17 1.050468069083350e+31 
1.85081e+07 1.63061e+24 2.458644424414551e+17 1.114747404639777e+31 
1.96407e+07 1.77454e+24 2.534106770324785e+17 1.182960478280391e+31 
2.08427e+07 1.93141e+24 2.611608026913295e+17 1.255349933508449e+31 
2.21183e+07 2.10128e+24 2.690696767298505e+17 1.332166951852356e+31 
2.34718e+07 2.28533e+24 2.771441666543433e+17 1.413682978508607e+31 
2.49083e+07 2.48589e+24 2.854356694656736e+17 1.500191204999221e+31 
2.64327e+07 2.70368e+24 2.939206377944447e+17 1.591992918720275e+31 
2.80503e+07 2.93939e+24 3.025738248336517e+17 1.689407087435367e+31 
2.97669e+07 3.19539e+24 3.114298240673130e+17 1.792782367444862e+31 
3.15887e+07 3.47359e+24 3.204988121305344e+17 1.902485670320779e+31 
3.35219e+07 3.77543e+24 3.297710832770061e+17 2.018904981654936e+31 
3.55735e+07 4.10270e+24 3.392444706588088e+17 2.142449161098837e+31 
3.77506e+07 4.45721e+24 3.489147594957974e+17 2.273550187900382e+31 
4.00609e+07 4.84234e+24 3.588143543493508e+17 2.412668366912242e+31 
4.25125e+07 5.26093e+24 3.689533373152847e+17 2.560295566984222e+31 
4.51144e+07 5.71344e+24 3.792820917035235e+17 2.716968870704398e+31 
4.78756e+07 6.20368e+24 3.898264172258704e+17 2.883236413978743e+31 
5.08056e+07 6.73737e+24 4.006432823367096e+17 3.059667783646015e+31 
5.39150e+07 7.31544e+24 4.116839909487203e+17 3.246891327393495e+31 
5.72146e+07 7.94007e+24 4.229258587937059e+17 3.445571540488102e+31 
6.07162e+07 8.61855e+24 4.344325840009072e+17 3.656412643452843e+31 
6.44322e+07 9.35508e+24 4.462035525140744e+17 3.880157157107623e+31 
6.83755e+07 1.01521e+25 4.582064758053662e+17 4.117585937999076e+31 
7.25602e+07 1.10153e+25 4.704561744753516e+17 4.369544948220306e+31 
7.70011e+07 1.19508e+25 4.829660972090632e+17 4.636931104395437e+31 
8.17139e+07 1.29656e+25 4.957541748819457e+17 4.920677579811017e+31 
8.67151e+07 1.40657e+25 5.088177082915534e+17 5.221784548583473e+31 
9.20224e+07 1.52544e+25 5.221185635608007e+17 5.541321248558447e+31 
9.76546e+07 1.65424e+25 5.357001561388159e+17 5.880411994324247e+31 
1.03632e+08 1.79426e+25 5.496118608891183e+17 6.240248982270886e+31 
1.09974e+08 1.94558e+25 5.637810147232262e+17 6.622102294035964e+31 
1.16705e+08 2.10904e+25 5.782025454476352e+17 7.027318727854374e+31 
1.23848e+08 2.28661e+25 5.929659604037370e+17 7.457327128283471e+31 
1.31428e+08 2.47908e+25 6.080453247810506e+17 7.913649966889405e+31 
1.39472e+08 2.68694e+25 6.233910511633153e+17 8.397905935840466e+31 
1.48009e+08 2.91204e+25 6.390508011331532e+17 8.911794366256299e+31 
1.57068e+08 3.15606e+25 6.550473183055647e+17 9.457123615869776e+31 
1.66681e+08 3.42029e+25 6.713699130352421e+17 1.003582605377896e+32 
1.76883e+08 3.70620e+25 6.880136354313123e+17 1.064993816812562e+32 
1.87709e+08 4.01521e+25 7.049635464636142e+17 1.130161438589636e+32 
1.99198e+08 4.35004e+25 7.222709689407244e+17 1.199317298947021e+32 
2.11391e+08 4.71333e+25 7.399661409377021e+17 1.272706944331459e+32 
2.24330e+08 5.10546e+25 7.579644027349050e+17 1.350589155383159e+32 
2.38061e+08 5.52917e+25 7.762901047409714e+17 1.433236632114579e+32 
2.52632e+08 5.98937e+25 7.950457441899279e+17 1.520934841426930e+32 
2.68095e+08 6.48728e+25 8.141682181830195e+17 1.613999354423628e+32 
2.84505e+08 7.02434e+25 8.336047241591598e+17 1.712765220133821e+32 
3.01919e+08 7.60623e+25 8.534481880113139e+17 1.817570523128207e+32 
3.20398e+08 8.23683e+25 8.737127585579639e+17 1.928785479637429e+32 
3.40010e+08 8.91833e+25 8.943497989423474e+17 2.046815887264745e+32 
3.60824e+08 9.65511e+25 9.153735274285637e+17 2.172073793789212e+32 
3.82912e+08 1.04520e+26 9.368012175051420e+17 2.304993323411472e+32 
4.06350e+08 1.13150e+26 9.586658762754181e+17 2.446041292807857e+32 
4.31223e+08 1.22492e+26 9.809726343908125e+17 2.595714000693908e+32 
4.57618e+08 1.32573e+26 1.003652203249469e+18 2.754544881834157e+32 
4.85629e+08 1.43472e+26 1.026759386430202e+18 2.923098837293949e+32 
5.15357e+08 1.55300e+26 1.050388757987813e+18 3.101976566898065e+32 
5.46905e+08 1.68075e+26 1.074437709599306e+18 3.291799020857532e+32 
5.80383e+08 1.81850e+26 1.098873077379128e+18 3.493228732754435e+32 
6.15909e+08 1.96782e+26 1.123832710419273e+18 3.706977898975797e+32 
6.53610e+08 2.12949e+26 1.149298499081394e+18 3.933805237014868e+32 
6.93621e+08 2.30391e+26 1.175187392032920e+18 4.174523305346023e+32 
7.36083e+08 2.49245e+26 1.201557365667145e+18 4.429977661903853e+32 
7.81144e+08 2.69649e+26 1.228449536153955e+18 4.701065212626569e+32 
8.28963e+08 2.91717e+26 1.255855714805148e+18 4.988734558564263e+32 
8.79709e+08 3.15569e+26 1.283769213214976e+18 5.294001140351098e+32 
9.33563e+08 3.41310e+26 1.312155931650534e+18 5.617955181788974e+32 
9.90714e+08 3.69152e+26 1.341086816310292e+18 5.961730097670024e+32 
1.05136e+09 3.99321e+26 1.370628182228103e+18 6.326528799083460e+32 
1.11572e+09 4.31861e+26 1.400652889416639e+18 6.713654238808309e+32 
1.18403e+09 4.66959e+26 1.431169329702629e+18 7.124477079410714e+32 
1.25651e+09 5.05011e+26 1.462344723378502e+18 7.560440768776841e+32 
1.33344e+09 5.46153e+26 1.494106988893513e+18 8.023083054844995e+32 
1.41508e+09 5.90480e+26 1.526354192478592e+18 8.514034536735749e+32 
1.50171e+09 6.38413e+26 1.559212952158894e+18 9.035026438861407e+32 
1.59365e+09 6.90293e+26 1.592724693468446e+18 9.587896519431608e+32 
1.69121e+09 7.46306e+26 1.626818757807482e+18 1.017460036551082e+33 
1.79475e+09 8.06780e+26 1.661504677512861e+18 1.079719746629742e+33 
1.90463e+09 8.72085e+26 1.696799891611200e+18 1.145786486055895e+33 
2.02124e+09 9.42697e+26 1.732761541495184e+18 1.215898013531195e+33 
2.14499e+09 1.01907e+27 1.769414944290659e+18 1.290304554290658e+33 
2.27633e+09 1.10139e+27 1.806640378568088e+18 1.369263598191903e+33 
2.41570e+09 1.19023e+27 1.844495608187751e+18 1.453053599809228e+33 
2.56361e+09 1.28649e+27 1.883146112313436e+18 1.541971845623914e+33 
2.72058e+09 1.39039e+27 1.922456484691271e+18 1.636329961544733e+33 
2.88715e+09 1.50226e+27 1.962339391433766e+18 1.736459089958151e+33 
3.06392e+09 1.62328e+27 2.002997390760838e+18 1.842710716412815e+33 
3.25151e+09 1.75418e+27 2.044435605579198e+18 1.955463440606602e+33 
3.45061e+09 1.89527e+27 2.086520812702103e+18 2.075128742333079e+33 
3.66191e+09 2.04752e+27 2.129314728147124e+18 2.202118585063713e+33 
3.88613e+09 2.21201e+27 2.172881127342000e+18 2.336867581487536e+33 
4.12408e+09 2.38968e+27 2.217222375935899e+18 2.479859686589304e+33 
4.37660e+09 2.58149e+27 2.262332798904788e+18 2.631603104062737e+33 
4.64460e+09 2.78821e+27 2.308142076977115e+18 2.792638934841658e+33 
4.92902e+09 3.01137e+27 2.354740140556262e+18 2.963531614300980e+33 
5.23085e+09 3.25285e+27 2.402253068690160e+18 3.144875945003122e+33 
5.55115e+09 3.51307e+27 2.450498498069808e+18 3.337310156074668e+33 
5.89107e+09 3.79322e+27 2.499442737255112e+18 3.541514915374112e+33 
6.25183e+09 4.09636e+27 2.549345284053024e+18 3.758230425198445e+33 
6.63470e+09 4.42378e+27 2.600134622912823e+18 3.988215052082115e+33 
7.04100e+09 4.77607e+27 2.651628125494040e+18 4.232259553245122e+33 
7.47218e+09 5.15623e+27 2.703987498749362e+18 4.491234761157512e+33 
7.92978e+09 5.56702e+27 2.757300104135139e+18 4.766061042685892e+33 
8.41542e+09 6.00997e+27 2.811468175902021e+18 5.057712801780223e+33 
8.93082e+09 6.48745e+27 2.866489233887406e+18 5.367213810873838e+33 
9.47776e+09 7.00212e+27 2.922371508307166e+18 5.695636335518871e+33 
1.00582e+10 7.55754e+27 2.979198423777857e+18 6.044154366603141e+33 
1.06742e+10 8.15744e+27 3.037032770767221e+18 6.414012271835396e+33 
1.13280e+10 8.80311e+27 3.095686881500076e+18 6.806500285344925e+33 
1.20218e+10 9.49837e+27 3.155198949359986e+18 7.223003166007775e+33 
1.27581e+10 1.02501e+28 3.215832515401666e+18 7.665000558096858e+33 
1.35395e+10 1.10606e+28 3.277427477665187e+18 8.134043382153008e+33 
1.43688e+10 1.19317e+28 3.339808512393531e+18 8.631776457780748e+33 
1.52489e+10 1.28717e+28 3.403242305098618e+18 9.159966782088565e+33 
1.61829e+10 1.38867e+28 3.467778405012545e+18 9.720484739858874e+33 
1.71742e+10 1.49789e+28 3.533216662017670e+18 1.031531923340053e+34 
1.82262e+10 1.61550e+28 3.599612999762933e+18 1.094654761455070e+34 
1.93426e+10 1.74229e+28 3.667057821309361e+18 1.161635984330838e+34 
2.05274e+10 1.87897e+28 3.735563235104500e+18 1.232715638578582e+34 
2.17848e+10 2.02626e+28 3.805127669996153e+18 1.308146922907162e+34 
2.31193e+10 2.18467e+28 3.875626239772983e+18 1.388197041638712e+34 
2.45357e+10 2.35524e+28 3.947152834265454e+18 1.473146494545180e+34 
2.60387e+10 2.53940e+28 4.019915384369112e+18 1.563289384282696e+34 
2.76338e+10 2.73752e+28 4.093679218210030e+18 1.658949270577979e+34 
2.93268e+10 2.95032e+28 4.168328847633087e+18 1.760467048809440e+34 
3.11234e+10 3.17988e+28 4.244212120444222e+18 1.868191270701980e+34 
3.30300e+10 3.42735e+28 4.321288900395389e+18 1.982504234868649e+34 
3.50537e+10 3.69312e+28 4.399287754835787e+18 2.103821453927500e+34 
3.72014e+10 3.97908e+28 4.478366672145279e+18 2.232561801185982e+34 
3.94805e+10 4.28722e+28 4.558656997680358e+18 2.369170813344015e+34 
4.18995e+10 4.61876e+28 4.640054312903024e+18 2.514145805288934e+34 
4.44668e+10 4.97529e+28 4.722534690429197e+18 2.667999047410260e+34 
4.71913e+10 5.35852e+28 4.806070166848031e+18 2.831258432383334e+34 
5.00827e+10 5.77087e+28 4.890761941797874e+18 3.004505012430939e+34 
5.31515e+10 6.21507e+28 4.976727217135886e+18 3.188357483955063e+34 
5.64083e+10 6.69205e+28 5.063705908887848e+18 3.383457814735248e+34 
5.98647e+10 7.20404e+28 5.151676703746452e+18 3.590494150910818e+34 
6.35331e+10 7.75579e+28 5.241003368987005e+18 3.810207312616549e+34 
6.74263e+10 8.34918e+28 5.331522176428191e+18 4.043366676997330e+34 
7.15581e+10 8.98519e+28 5.422940401046460e+18 4.290782733981234e+34 
7.59432e+10 9.66905e+28 5.515556783355394e+18 4.553345211883514e+34 
8.05974e+10 1.04051e+29 5.609482454790091e+18 4.831986412435583e+34 
8.55366e+10 1.11949e+29 5.704452798062375e+18 5.127660243324451e+34 
9.07784e+10 1.20426e+29 5.800489824788122e+18 5.441415302352637e+34 
9.63417e+10 1.29532e+29 5.897691279896635e+18 5.774382360509740e+34 
1.02246e+11 1.39313e+29 5.996077086787124e+18 6.127734458008466e+34 
1.08513e+11 1.49820e+29 6.095652566525663e+18 6.502716199096447e+34 
1.15164e+11 1.61082e+29 6.196223289949592e+18 6.900629605587783e+34 
1.22222e+11 1.73161e+29 6.297849875051435e+18 7.322881375356115e+34 
1.29713e+11 1.86149e+29 6.400816781797456e+18 7.770991065859310e+34 
1.37664e+11 2.00078e+29 6.504865939795453e+18 8.246519601172471e+34 
1.46102e+11 2.14983e+29 6.609771980532837e+18 8.751124728693121e+34 
1.55057e+11 2.30988e+29 6.715914437401310e+18 9.286622134018735e+34 
1.64562e+11 2.48173e+29 6.823299046927971e+18 9.854904632599578e+34 
1.74649e+11 2.66562e+29 6.931565461316021e+18 1.045794120866212e+35 
1.85355e+11 2.86260e+29 7.040836576949337e+18 1.109788272464062e+35 
1.96718e+11 3.07389e+29 7.151274495309853e+18 1.177701914773572e+35 
2.08778e+11 3.30023e+29 7.262740869684956e+18 1.249768994194626e+35 
2.21576e+11 3.54251e+29 7.375168628446099e+18 1.326241585677312e+35 
2.35159e+11 3.80165e+29 7.488468092902690e+18 1.407393054976500e+35 
2.49575e+11 4.07910e+29 7.602766509132166e+18 1.493511657945325e+35 
2.64876e+11 4.37676e+29 7.718302890552371e+18 1.584904338929524e+35 
2.81116e+11 4.69597e+29 7.835044643056554e+18 1.681889125725079e+35 
2.98351e+11 5.03832e+29 7.953012217883487e+18 1.784806272600606e+35 
3.16644e+11 5.40666e+29 8.072600966308442e+18 1.894028375936981e+35 
3.36059e+11 5.79997e+29 8.192924185134189e+18 2.009935506071573e+35 
3.56663e+11 6.21311e+29 8.312014139852211e+18 2.132920504227538e+35 
3.78531e+11 6.65006e+29 8.430687650567461e+18 2.263431588082170e+35 
4.01741e+11 7.10991e+29 8.548369584313860e+18 2.401940344660807e+35 
4.26374e+11 7.58985e+29 8.664134577706477e+18 2.548916351545821e+35 
4.52516e+11 8.03805e+29 8.766219106826840e+18 2.704878369246629e+35 
4.80263e+11 8.32386e+29 8.827542208631828e+18 2.870395836656513e+35 
5.09710e+11 8.52696e+29 8.868527330901309e+18 3.046049470767228e+35 
5.40960e+11 8.75942e+29 8.912705502989273e+18 3.232449817465126e+35 
5.74123e+11 8.99118e+29 8.954221869243654e+18 3.430252441905234e+35 
6.09316e+11 9.23128e+29 8.994747942022652e+18 3.640153657578488e+35 
6.46665e+11 9.47657e+29 9.033758167545610e+18 3.862898304112738e+35 
6.86300e+11 9.73366e+29 9.072283174350969e+18 4.099274584119585e+35 
7.28364e+11 1.00097e+30 9.111254239853093e+18 4.350119345621260e+35 
7.73004e+11 1.03003e+30 9.149925794340620e+18 4.616314934111635e+35 
8.20377e+11 1.06056e+30 9.188197744190421e+18 4.898798918483977e+35 
8.70650e+11 1.09344e+30 9.227043223254141e+18 5.198565267178152e+35 
9.24002e+11 1.12877e+30 9.266375480521146e+18 5.516672409204834e+35 
9.80622e+11 1.16640e+30 9.305846788929513e+18 5.854245907853804e+35 
1.04071e+12 1.20673e+30 9.345703594777850e+18 6.212480978598715e+35 
1.10448e+12 1.25007e+30 9.386073358671391e+18 6.592642607463816e+35 
1.17215e+12 1.29685e+30 9.427122234628788e+18 6.996051110011550e+35 
1.24396e+12 1.34723e+30 9.468788431190796e+18 7.424136534621437e+35 
1.32017e+12 1.40119e+30 9.510834625927346e+18 7.878438545755333e+35 
1.40106e+12 1.45946e+30 9.553615224865718e+18 8.360544404795469e+35 
1.48689e+12 1.52270e+30 9.597369281391055e+18 8.872141330579589e+35 
1.57798e+12 1.59067e+30 9.641684772115524e+18 9.415041876950865e+35 
1.67465e+12 1.66377e+30 9.686593277546957e+18 9.991167414284738e+35 
1.77725e+12 1.74308e+30 9.732506395095833e+18 1.060256733812483e+36 
1.88613e+12 1.82880e+30 9.779263764826851e+18 1.125136926652593e+36 
2.00166e+12 1.92108e+30 9.826693873091820e+18 1.193982763331701e+36 
2.12428e+12 2.02088e+30 9.875029328830732e+18 1.267042288783270e+36 
2.25441e+12 2.12889e+30 9.924320301887203e+18 1.344575430738352e+36 
2.39251e+12 2.24564e+30 9.974526969554498e+18 1.426855450086036e+36 
2.53908e+12 2.37174e+30 1.002562128350338e+19 1.514169950770048e+36 
2.69461e+12 2.50776e+30 1.007756040169042e+19 1.606822405496453e+36 
2.85967e+12 2.65491e+30 1.013050026969517e+19 1.705141266319066e+36 
3.03483e+12 2.81417e+30 1.018449436589187e+19 1.809476827473074e+36 
3.22075e+12 2.98614e+30 1.023942969120341e+19 1.920212787049620e+36 
3.41807e+12 3.17204e+30 1.029538594661094e+19 2.037729249044050e+36 
3.62744e+12 3.37348e+30 1.035252120051861e+19 2.162412468170813e+36 
3.84963e+12 3.59160e+30 1.041081632956943e+19 2.294725786176955e+36 
4.08546e+12 3.82777e+30 1.047029078553709e+19 2.435151392775360e+36 
4.33573e+12 4.08386e+30 1.053105745436638e+19 2.584166109100483e+36 
4.60133e+12 4.36207e+30 1.059326265660926e+19 2.742295775914864e+36 
4.88321e+12 4.66525e+30 1.065713748480083e+19 2.910104960077056e+36 
5.18235e+12 4.99601e+30 1.072279750948004e+19 3.088179938402447e+36 
5.49981e+12 5.35745e+30 1.079040679041394e+19 3.277144745843622e+36 
5.83672e+12 5.75381e+30 1.086026512902267e+19 3.477675651711619e+36 
6.19429e+12 6.19032e+30 1.093275633416112e+19 3.690483535286146e+36 
6.57378e+12 6.67404e+30 1.100844747613445e+19 3.916318737884210e+36 
6.97653e+12 7.21020e+30 1.108750073587903e+19 4.155971727540265e+36 
7.40394e+12 7.80435e+30 1.117004331686181e+19 4.410279366326175e+36 
7.85755e+12 8.46430e+30 1.125643246652653e+19 4.680150361399711e+36 
8.33897e+12 9.19925e+30 1.134708080480913e+19 4.966539743372120e+36 
8.84989e+12 1.00222e+31 1.144272379187892e+19 5.270447844728465e+36 
9.39214e+12 1.09394e+31 1.154315596400065e+19 5.592952067583323e+36 
9.96765e+12 1.19539e+31 1.164783198968736e+19 5.935199557727489e+36 
1.05784e+13 1.30787e+31 1.175718497473165e+19 6.298390840218878e+36 
1.12267e+13 1.43247e+31 1.187131815119374e+19 6.683803399373155e+36 
1.19147e+13 1.57000e+31 1.199002118024394e+19 7.092797112532133e+36 
1.26449e+13 1.72111e+31 1.211291260023694e+19 7.526816176822652e+36 
1.34199e+13 1.88618e+31 1.223939933356840e+19 7.987396416121662e+36 
1.42424e+13 2.06662e+31 1.236966705142625e+19 8.476159896590981e+36 
1.51154e+13 2.26378e+31 1.250378223640737e+19 8.994829711278515e+36 
1.60420e+13 2.47884e+31 1.264162307220705e+19 9.545242057702425e+36 
1.70254e+13 2.71269e+31 1.278283971042008e+19 1.012934163294030e+37 
1.80692e+13 2.96558e+31 1.292672772142809e+19 1.074919095025452e+37 
1.91770e+13 3.24035e+31 1.307402476888090e+19 1.140697065623545e+37 
2.03528e+13 3.54000e+31 1.322536852250038e+19 1.210499259092565e+37 
2.16007e+13 3.86405e+31 1.337957879757697e+19 1.284570702031212e+37 
2.29252e+13 4.21419e+31 1.353656692463568e+19 1.363173429601223e+37 
2.43310e+13 4.59425e+31 1.369711539681872e+19 1.446589262118712e+37 
2.58232e+13 5.00651e+31 1.386119311784492e+19 1.535110765811199e+37 
2.74069e+13 5.45334e+31 1.402874815073583e+19 1.629047206278386e+37 
2.90879e+13 5.93601e+31 1.419927186117735e+19 1.728730443487073e+37 
3.08720e+13 6.45737e+31 1.437281167422568e+19 1.834511915802473e+37 
3.27656e+13 7.02441e+31 1.455063284104344e+19 1.946764339412056e+37 
3.47755e+13 7.63844e+31 1.473205730832971e+19 2.065886309158737e+37 
3.69089e+13 8.29864e+31 1.491584034346400e+19 2.192302440971198e+37 
3.91734e+13 9.01486e+31 1.510367128987499e+19 2.326460878259961e+37 
4.15771e+13 9.79402e+31 1.529619976777477e+19 2.468833293024978e+37 
4.41283e+13 1.06170e+32 1.548776585298747e+19 2.619911650640930e+37 
4.68358e+13 1.15417e+32 1.569047973731018e+19 2.780205490694961e+37 
4.97080e+13 1.27414e+32 1.593813896814356e+19 2.950215058590867e+37 
5.27551e+13 1.42879e+32 1.623900814905937e+19 3.130518260918427e+37 
5.59904e+13 1.60082e+32 1.655451502535155e+19 3.321894048918382e+37 
5.94274e+13 1.77693e+32 1.685882045199827e+19 3.525128752398155e+37 
6.30769e+13 1.95853e+32 1.715442945654637e+19 3.740856432568784e+37 
6.69507e+13 2.14487e+32 1.744017433285094e+19 3.969765189998551e+37 
7.10628e+13 2.33866e+32 1.772009178116995e+19 4.212683770166974e+37 
7.54279e+13 2.54186e+32 1.799658370257433e+19 4.470469982186746e+37 
8.00616e+13 2.75747e+32 1.827293452141685e+19 4.744027972316643e+37 
8.49802e+13 2.98941e+32 1.855298099440143e+19 5.034320597029598e+37 
9.02015e+13 3.24285e+32 1.884121828202162e+19 5.342383985723685e+37 
9.57441e+13 3.52439e+32 1.914282283571244e+19 5.669294371194911e+37 
1.01628e+14 3.84246e+32 1.946378290805029e+19 6.016201937054776e+37 
1.07874e+14 4.20772e+32 1.981094457377356e+19 6.384347136926858e+37 
1.14505e+14 4.63348e+32 2.019210265689612e+19 6.775019984922782e+37 
1.21545e+14 5.13633e+32 2.061608951919642e+19 7.189603109295390e+37 
1.29020e+14 5.73679e+32 2.109292891217611e+19 7.629546028032971e+37 
1.36956e+14 6.46003e+32 2.163382534622074e+19 8.096413029697625e+37 
1.45383e+14 7.33686e+32 2.225135389213390e+19 8.591845848193807e+37 
1.54333e+14 8.40467e+32 2.295948835964665e+19 9.117594528488487e+37 
1.63839e+14 9.70871e+32 2.377371320041609e+19 9.675518739302693e+37 
1.73935e+14 1.13034e+33 2.471107387882202e+19 1.026758351670576e+38 
1.84662e+14 1.32538e+33 2.579023901992691e+19 1.089587113195736e+38 
1.96060e+14 1.56376e+33 2.703150388170927e+19 1.156260099020339e+38 
2.08173e+14 1.85466e+33 2.845686796333460e+19 1.227016076076760e+38 
2.21050e+14 2.20890e+33 3.008966805630410e+19 1.302101353468432e+38 
2.34741e+14 2.63917e+33 3.195496662894637e+19 1.381781300164722e+38 
2.49302e+14 3.16019e+33 3.407874679982685e+19 1.466330618617081e+38 
2.64792e+14 3.78902e+33 3.648815300690450e+19 1.556055948717544e+38 
2.81279e+14 4.54516e+33 3.921057932619513e+19 1.651278576395853e+38 
2.98830e+14 5.45081e+33 4.227342555815500e+19 1.752325903286900e+38 
3.17521e+14 6.53085e+33 4.570312922002063e+19 1.859547404697090e+38 
3.37439e+14 7.81291e+33 4.952421121218706e+19 1.973342981188585e+38 
3.58668e+14 9.32710e+33 5.375802496601173e+19 2.094092645710927e+38 
3.81310e+14 1.11056e+34 5.842110031944195e+19 2.222237551718614e+38 
4.05467e+14 1.31818e+34 6.352294051622317e+19 2.358215956240437e+38 
4.31257e+14 1.56210e+34 6.913716952755683e+19 2.502527930781498e+38 
4.58805e+14 1.86133e+34 7.558276308531875e+19 2.655652751592704e+38 
4.88269e+14 2.23446e+34 8.309744619325194e+19 2.818163096443835e+38 
5.19822e+14 2.70893e+34 9.201933286197374e+19 2.990609278780731e+38 
5.53672e+14 3.32738e+34 1.028566747230536e+20 3.173602677421943e+38 
5.90084e+14 4.15829e+34 1.163904808739486e+20 3.367805185630353e+38 
6.29392e+14 5.30904e+34 1.337501492513592e+20 3.573895365308472e+38 
6.72030e+14 6.90567e+34 1.559570349107326e+20 3.792580787954949e+38 
7.18518e+14 8.93549e+34 1.818764469588979e+20 4.024639837427725e+38 
7.69310e+14 1.11355e+35 2.076165962643714e+20 4.270919747747147e+38 
8.24704e+14 1.33103e+35 2.309515687954654e+20 4.532274652844877e+38 
8.84956e+14 1.54676e+35 2.522253700992639e+20 4.809612577208709e+38 
9.50388e+14 1.77069e+35 2.725537211930466e+20 5.103939482341778e+38 
1.02142e+15 2.01997e+35 2.933870288168584e+20 5.416253257410538e+38 
1.09867e+15 2.32844e+35 3.170820714865429e+20 5.747669207202581e+38 
1.18295e+15 2.69180e+35 3.426770308024482e+20 6.099381962619524e+38 
1.27504e+15 3.10812e+35 3.695197787798242e+20 6.472615436496786e+38 
1.37579e+15 3.58349e+35 3.975341632253689e+20 6.868695277746783e+38 
1.48616e+15 4.12468e+35 4.266485457862786e+20 7.289001376410814e+38 
1.60721e+15 4.73932e+35 4.567974015339368e+20 7.735034281065472e+38 
1.74013e+15 5.43596e+35 4.879192300067736e+20 8.208353490514871e+38 
1.88622e+15 6.22430e+35 5.199609697830033e+20 8.710626954840164e+38 
2.04695e+15 7.11519e+35 5.528721965194936e+20 9.243628979789416e+38 
2.22398e+15 8.12090e+35 5.866083731703791e+20 9.809285196133984e+38 
2.41911e+15 9.25515e+35 6.211261468377500e+20 1.040954451980512e+39 
2.63438e+15 1.05334e+36 6.563864366603274e+20 1.104653833507693e+39 
2.87205e+15 1.19728e+36 6.923516467215426e+20 1.172246592642166e+39 
3.13467e+15 1.35930e+36 7.289868715087942e+20 1.243980957819906e+39 
3.42506e+15 1.54155e+36 7.662589139265512e+20 1.320102387534134e+39 
3.74636e+15 1.74650e+36 8.041363465030356e+20 1.400880124058464e+39 
4.10215e+15 1.97689e+36 8.425932921811388e+20 1.486605553590899e+39 
