300
1.04338e+05 5.17933e+20 9.999999999999999e-01 6.285439684648317e+28 
1.12964e+05 5.92813e+20 6.892471537222385e+14 6.805108163908976e+28 
1.22304e+05 6.79405e+20 1.425419898817880e+15 7.367745275501109e+28 
1.32416e+05 7.79595e+20 2.212145409743644e+15 7.976904222284980e+28 
1.43364e+05 8.95771e+20 3.054712502026872e+15 8.636433475541382e+28 
1.55218e+05 1.03107e+21 3.961232116763991e+15 9.350502555198059e+28 
1.68051e+05 1.17868e+21 4.874915957138878e+15 1.012354955885332e+29 
1.81943e+05 1.33828e+21 5.787340205176404e+15 1.096042964405520e+29 
1.96983e+05 1.51554e+21 6.723120764536465e+15 1.186644137447211e+29 
2.13266e+05 1.72059e+21 7.722851887562030e+15 1.284734842593629e+29 
2.30895e+05 1.95612e+21 8.783526196748368e+15 1.390932772681763e+29 
2.49981e+05 2.22716e+21 9.910942629353958e+15 1.505907942142609e+29 
2.70645e+05 2.53944e+21 1.111068228539914e+16 1.630385588397463e+29 
2.93016e+05 2.89959e+21 1.238872604758882e+16 1.765150825527507e+29 
3.17236e+05 3.31539e+21 1.375155379160791e+16 1.911053598238857e+29 
3.43458e+05 3.79538e+21 1.520463409530098e+16 2.069014612516762e+29 
3.71846e+05 4.35325e+21 1.676455763045821e+16 2.240026233786889e+29 
4.02582e+05 4.99561e+21 1.842421905987696e+16 2.425173540299848e+29 
4.35871e+05 5.66709e+21 2.002688005744012e+16 2.625706534221351e+29 
4.71921e+05 6.39996e+21 2.164205321035926e+16 2.842870571320185e+29 
5.10956e+05 7.22919e+21 2.332967477522650e+16 3.078015416583974e+29 
5.53220e+05 8.18362e+21 2.512364941171674e+16 3.332614838054038e+29 
5.98983e+05 9.27702e+21 2.702181638305254e+16 3.608287266097195e+29 
6.48534e+05 1.05326e+22 2.903494534829758e+16 3.906777485769499e+29 
7.02187e+05 1.19761e+22 3.117253624677095e+16 4.229976617609363e+29 
7.60282e+05 1.36375e+22 3.344486378673130e+16 4.579932939106530e+29 
8.23187e+05 1.55519e+22 3.586306527124150e+16 4.958865013838896e+29 
8.91301e+05 1.77556e+22 3.843393560528078e+16 5.369170808301432e+29 
9.65062e+05 2.03308e+22 4.120875935152929e+16 5.813493586304024e+29 
1.04491e+06 2.32125e+22 4.407806953396946e+16 6.294512599673527e+29 
1.13130e+06 2.60979e+22 4.673142817070606e+16 6.814854463619322e+29 
1.22481e+06 2.93431e+22 4.948670958184920e+16 7.378155364975196e+29 
1.32605e+06 3.30445e+22 5.238918985221022e+16 7.988010110555283e+29 
1.43566e+06 3.72765e+22 5.545441502020027e+16 8.648269993848349e+29 
1.55433e+06 4.21138e+22 5.869049278819526e+16 9.363090615977674e+29 
1.68280e+06 4.76532e+22 6.211335158577085e+16 1.013698193974495e+30 
1.82189e+06 5.40050e+22 6.573844581743273e+16 1.097482322004102e+30 
1.97248e+06 6.12971e+22 6.958246153926050e+16 1.188189638467759e+30 
2.13551e+06 6.96790e+22 7.366366646669498e+16 1.286391909758775e+30 
2.31201e+06 7.93066e+22 7.799324816947043e+16 1.392708520747670e+30 
2.50309e+06 9.05763e+22 8.267554464462802e+16 1.507804763578438e+30 
2.70999e+06 1.02571e+23 8.728132958577381e+16 1.632433878008696e+30 
2.93407e+06 1.14404e+23 9.147665475044966e+16 1.767409164159689e+30 
3.17667e+06 1.28198e+23 9.599181599169611e+16 1.913536810486882e+30 
3.43933e+06 1.43864e+23 1.007281282434422e+17 2.071747956599196e+30 
3.72371e+06 1.61689e+23 1.057058190140518e+17 2.243041870270462e+30 
4.03161e+06 1.82009e+23 1.109467999591144e+17 2.428500513535363e+30 
4.36497e+06 2.05206e+23 1.164728375383662e+17 2.629295547915384e+30 
4.72590e+06 2.31724e+23 1.223074932210290e+17 2.846695610065172e+30 
5.11668e+06 2.62070e+23 1.284743588842165e+17 3.082074384308955e+30 
5.53979e+06 2.96893e+23 1.350104330453241e+17 3.336919057299012e+30 
5.99789e+06 3.36820e+23 1.419324455763762e+17 3.612840404571484e+30 
6.49388e+06 3.81958e+23 1.491642403490492e+17 3.911584915411618e+30 
7.03095e+06 4.26482e+23 1.557552452776294e+17 4.235065152546037e+30 
7.61251e+06 4.70563e+23 1.617788129286892e+17 4.585336779957923e+30 
8.24216e+06 5.22125e+23 1.682828675324632e+17 4.964575976048580e+30 
8.92364e+06 5.82236e+23 1.752865905580227e+17 5.375026951538335e+30 
9.66141e+06 6.50720e+23 1.826573677455383e+17 5.819382052316524e+30 
1.04602e+07 7.28122e+23 1.903520028112659e+17 6.300490078698951e+30 
1.13251e+07 8.16044e+23 1.984246777208055e+17 6.821371695635267e+30 
1.22614e+07 9.16014e+23 2.069025022856690e+17 7.385318596764168e+30 
1.32752e+07 1.02978e+24 2.158135064932035e+17 7.995892173641267e+30 
1.43728e+07 1.15986e+24 2.252243862455741e+17 8.656947607139426e+30 
1.55612e+07 1.30756e+24 2.350945620002233e+17 9.372660506231727e+30 
1.68479e+07 1.47014e+24 2.451324073994342e+17 1.014755622757357e+31 
1.82410e+07 1.64032e+24 2.548369379269718e+17 1.098653936369380e+31 
1.97493e+07 1.82704e+24 2.646692242138190e+17 1.189490444187090e+31 
2.13824e+07 2.04107e+24 2.750770136587376e+17 1.287838293377031e+31 
2.31505e+07 2.28293e+24 2.859402640766557e+17 1.394319152148330e+31 
2.50649e+07 2.55737e+24 2.973253456393365e+17 1.509605786064493e+31 
2.71376e+07 2.86901e+24 3.092660648404830e+17 1.634426281429302e+31 
2.93818e+07 3.22497e+24 3.218627353936892e+17 1.769572126501125e+31 
3.18117e+07 3.62946e+24 3.350874765828463e+17 1.915893327395062e+31 
3.44414e+07 4.05425e+24 3.479170428565131e+17 2.074250432723165e+31 
3.72878e+07 4.51222e+24 3.606907204189060e+17 2.245652533671603e+31 
4.03691e+07 5.02176e+24 3.738154879083941e+17 2.431198934201361e+31 
4.37050e+07 5.60032e+24 3.875795631971408e+17 2.632074120881106e+31 
4.73165e+07 6.25399e+24 4.019439604173749e+17 2.849536024516556e+31 
5.12262e+07 6.99449e+24 4.169740325718104e+17 3.084954212515353e+31 
5.54588e+07 7.83458e+24 4.327238605917729e+17 3.339809694800066e+31 
6.00409e+07 8.79015e+24 4.492709486075472e+17 3.615702828011071e+31 
6.50012e+07 9.87960e+24 4.667033007487486e+17 3.914365313635241e+31 
7.03759e+07 1.09936e+25 4.831702541553211e+17 4.237970636271140e+31 
7.61974e+07 1.21901e+25 4.994991852784807e+17 4.588471261003961e+31 
8.24997e+07 1.35639e+25 5.168128313025128e+17 4.967910133382686e+31 
8.93236e+07 1.51081e+25 5.347884362175895e+17 5.378753576049518e+31 
9.67124e+07 1.68527e+25 5.535455237263611e+17 5.823590199733754e+31 
1.04713e+08 1.88262e+25 5.731411904348343e+17 6.305234606708549e+31 
1.13375e+08 2.10665e+25 5.936866567087494e+17 6.826740867950855e+31 
1.22755e+08 2.36073e+25 6.152098631214473e+17 7.391405210791690e+31 
1.32909e+08 2.63840e+25 6.369383142227790e+17 8.002680542854381e+31 
1.43900e+08 2.93325e+25 6.582495518770888e+17 8.664310350231825e+31 
1.55798e+08 3.25243e+25 6.795529247387044e+17 9.380503851038918e+31 
1.68680e+08 3.61606e+25 7.019657111713359e+17 1.015595402111460e+32 
1.82628e+08 4.02517e+25 7.252567522320182e+17 1.099550382796679e+32 
1.97729e+08 4.48707e+25 7.495442902004472e+17 1.190446209811842e+32 
2.14079e+08 5.00910e+25 7.748968836324579e+17 1.288857081099070e+32 
2.31781e+08 5.60136e+25 8.014617949844152e+17 1.395403234373344e+32 
2.50946e+08 6.28035e+25 8.296037521500911e+17 1.510751615318060e+32 
2.71711e+08 6.95575e+25 8.554684362777088e+17 1.635724490201046e+32 
2.94210e+08 7.63448e+25 8.794651405008275e+17 1.771125025841775e+32 
3.18571e+08 8.38326e+25 9.039022475216099e+17 1.917737558968264e+32 
3.44929e+08 9.25986e+25 9.303187848761733e+17 2.076353272072719e+32 
3.73447e+08 1.02757e+26 9.585946305797676e+17 2.247970657588855e+32 
4.04317e+08 1.14300e+26 9.882767152724366e+17 2.433731220939142e+32 
4.37742e+08 1.27261e+26 1.019058346314984e+18 2.634861284956876e+32 
4.73929e+08 1.41910e+26 1.051192521388476e+18 2.852604961623145e+32 
5.13107e+08 1.58451e+26 1.084711556471675e+18 3.088340627199086e+32 
5.55531e+08 1.76267e+26 1.118061700877362e+18 3.343593596017690e+32 
6.01470e+08 1.95502e+26 1.151310981433955e+18 3.619980882419447e+32 
6.51205e+08 2.17418e+26 1.186296386574850e+18 3.919205437612211e+32 
7.05055e+08 2.42076e+26 1.222653533970441e+18 4.243168215500660e+32 
7.63360e+08 2.70045e+26 1.260744478170509e+18 4.593912732887566e+32 
8.26487e+08 3.01179e+26 1.299910315021665e+18 4.973655068303086e+32 
8.94836e+08 3.35130e+26 1.339356500963509e+18 5.384795250172092e+32 
9.68840e+08 3.73454e+26 1.380496166313457e+18 5.829925990724085e+32 
1.04897e+09 4.11389e+26 1.418139978736835e+18 6.311897378530035e+32 
1.13574e+09 4.45237e+26 1.449167584910721e+18 6.833791796847428e+32 
1.22971e+09 4.75942e+26 1.475135106854374e+18 7.398902088784933e+32 
1.33143e+09 5.13866e+26 1.504718393477911e+18 8.010691627955612e+32 
1.44154e+09 5.67806e+26 1.543561464259042e+18 8.672851571917086e+32 
1.56073e+09 6.33979e+26 1.587627552493910e+18 9.389650703359350e+32 
1.68979e+09 7.05039e+26 1.631354375565035e+18 1.016572412896041e+33 
1.82951e+09 7.81638e+26 1.674882776070804e+18 1.100585372576499e+33 
1.98078e+09 8.67901e+26 1.720151435634863e+18 1.191541750080916e+33 
2.14457e+09 9.65216e+26 1.767319359350348e+18 1.290015899607773e+33 
2.32189e+09 1.07510e+27 1.816511053154186e+18 1.396626229480063e+33 
2.51389e+09 1.19911e+27 1.867792680135590e+18 1.512048358774731e+33 
2.72186e+09 1.33329e+27 1.919045745998177e+18 1.637071959859981e+33 
2.94714e+09 1.47995e+27 1.970777665925482e+18 1.772486539567567e+33 
3.19111e+09 1.64318e+27 2.023948608731630e+18 1.919132148260275e+33 
3.45530e+09 1.82771e+27 2.079457735626316e+18 2.077918048208865e+33 
3.74140e+09 2.03585e+27 2.137281591043773e+18 2.249862316395928e+33 
4.05119e+09 2.26959e+27 2.197257924263572e+18 2.436034891947125e+33 
4.38646e+09 2.52464e+27 2.257708173767475e+18 2.637504589107947e+33 
4.74918e+09 2.79853e+27 2.317653229688794e+18 2.855456459293454e+33 
5.14197e+09 3.10907e+27 2.380419295092371e+18 3.091458859088627e+33 
5.56726e+09 3.45814e+27 2.445580375430695e+18 3.346969412940033e+33 
6.02774e+09 3.85656e+27 2.514274824479208e+18 3.623604527816727e+33 
6.52632e+09 4.29411e+27 2.583997585638291e+18 3.923101580004759e+33 
7.06608e+09 4.71362e+27 2.645739747406262e+18 4.247311612167592e+33 
7.65056e+09 5.15486e+27 2.705686306466064e+18 4.598361303488208e+33 
8.28293e+09 5.66058e+27 2.769118605833016e+18 4.978149602749230e+33 
8.96663e+09 6.26561e+27 2.839209197934025e+18 5.388735354970581e+33 
9.70611e+09 6.96970e+27 2.914576885087210e+18 5.832782417606719e+33 
1.05079e+10 7.75445e+27 2.992186813284063e+18 6.314203329991797e+33 
1.13791e+10 8.62130e+27 3.071363372803232e+18 6.837266817031943e+33 
1.23251e+10 9.58578e+27 3.152697215800564e+18 7.405132430568233e+33 
1.33481e+10 1.06698e+28 3.237098763883513e+18 8.019236665892920e+33 
1.44508e+10 1.18518e+28 3.322092949874482e+18 8.681078257926731e+33 
1.56430e+10 1.31813e+28 3.410393042764686e+18 9.396607067627865e+33 
1.69360e+10 1.46639e+28 3.501363913036286e+18 1.017253884762452e+34 
1.83400e+10 1.62862e+28 3.593280109568459e+18 1.101497127400488e+34 
1.98605e+10 1.81338e+28 3.689969092754716e+18 1.192721805867830e+34 
2.15051e+10 2.00300e+28 3.781637052182852e+18 1.291384799265636e+34 
2.32840e+10 2.19739e+28 3.868406301506315e+18 1.398091644820947e+34 
2.52098e+10 2.40995e+28 3.956001876688069e+18 1.513600769347107e+34 
2.72964e+10 2.65554e+28 4.049458381432226e+18 1.638738512608580e+34 
2.95572e+10 2.93870e+28 4.148979353678579e+18 1.774316559651186e+34 
3.20056e+10 3.25931e+28 4.253047941505074e+18 1.921121532478604e+34 
3.46547e+10 3.61719e+28 4.360330501150152e+18 2.079943093230683e+34 
3.75194e+10 4.01826e+28 4.471367478994136e+18 2.251667448393623e+34 
4.06209e+10 4.47235e+28 4.587538165758825e+18 2.437563052280494e+34 
4.39836e+10 4.91948e+28 4.693244998200942e+18 2.639096500627715e+34 
4.76304e+10 5.34535e+28 4.786168065300232e+18 2.857626315910681e+34 
5.15787e+10 5.83382e+28 4.884507773672227e+18 3.094197177708291e+34 
5.58464e+10 6.45201e+28 4.999412208227870e+18 3.349881017817567e+34 
6.04640e+10 7.17600e+28 5.123761773520241e+18 3.626486753570624e+34 
6.54657e+10 7.98178e+28 5.251612708483895e+18 3.926058954737583e+34 
7.08869e+10 8.86943e+28 5.381682229483851e+18 4.250709940024419e+34 
7.67607e+10 9.86179e+28 5.515959890918784e+18 4.602413511968776e+34 
8.31180e+10 1.09665e+29 5.654000199655855e+18 4.983013724986289e+34 
8.99937e+10 1.21913e+29 5.795349836079355e+18 5.394582697002295e+34 
9.74317e+10 1.35500e+29 5.940159517363200e+18 5.839735544452657e+34 
1.05492e+11 1.50750e+29 6.090286737060087e+18 6.322035866794637e+34 
1.14242e+11 1.67484e+29 6.242400867281961e+18 6.845582835451278e+34 
1.23736e+11 1.86400e+29 6.401175667627916e+18 7.413500124321898e+34 
1.34005e+11 2.06812e+29 6.559523006155783e+18 8.027675957150587e+34 
1.45069e+11 2.24700e+29 6.687628280726775e+18 8.689285324276906e+34 
1.57040e+11 2.44346e+29 6.817518323324315e+18 9.404990031746566e+34 
1.70045e+11 2.66001e+29 6.949778043964029e+18 1.018244606308102e+35 
1.84163e+11 2.88967e+29 7.079315355144847e+18 1.102633934436282e+35 
1.99391e+11 3.13144e+29 7.205192381373187e+18 1.193640080186701e+35 
2.15895e+11 3.43252e+29 7.349879267097644e+18 1.292260926760892e+35 
2.33790e+11 3.80425e+29 7.514885620693113e+18 1.399176567612436e+35 
2.53184e+11 4.23085e+29 7.689853665259189e+18 1.515022834460281e+35 
2.74178e+11 4.67362e+29 7.857612088124467e+18 1.640401495299193e+35 
2.96903e+11 5.11880e+29 8.013339464068883e+18 1.776096479601646e+35 
3.21514e+11 5.60160e+29 8.169255464850053e+18 1.923025486356923e+35 
3.48166e+11 6.13201e+29 8.327435019645379e+18 2.082114221267471e+35 
3.77024e+11 6.70044e+29 8.483970803380313e+18 2.254341496383149e+35 
4.08297e+11 7.33240e+29 8.644682482098553e+18 2.440941176859929e+35 
4.42008e+11 7.99149e+29 8.799539215630118e+18 2.642061510399389e+35 
4.78470e+11 8.64771e+29 8.941991746326044e+18 2.859551305068455e+35 
5.18070e+11 9.30072e+29 9.072886853754203e+18 3.095725896313526e+35 
5.60920e+11 1.00106e+30 9.204281235483938e+18 3.351249044468070e+35 
6.07318e+11 1.07678e+30 9.333745471907232e+18 3.627887703542127e+35 
6.57557e+11 1.15754e+30 9.461265294893658e+18 3.927381733444463e+35 
7.11954e+11 1.24355e+30 9.586706832423115e+18 4.251621054646782e+35 
7.70854e+11 1.33500e+30 9.709898451307158e+18 4.602653837289181e+35 
8.34631e+11 1.43206e+30 9.830654354667618e+18 4.982698401010269e+35 
9.03689e+11 1.53485e+30 9.948773491395594e+18 5.394157455825137e+35 
9.78466e+11 1.64345e+30 1.006403793399262e+19 5.839633557211991e+35 
1.05944e+12 1.75788e+30 1.017621204556916e+19 6.321945872054076e+35 
1.14712e+12 1.87808e+30 1.028504076353311e+19 6.844148380434999e+35 
1.24206e+12 2.00389e+30 1.039024796828323e+19 7.409549632845116e+35 
1.34487e+12 2.13503e+30 1.049153461718528e+19 8.021734209196511e+35 
1.45620e+12 2.27106e+30 1.058857713415363e+19 8.684586021992893e+35 
1.57676e+12 2.41138e+30 1.068102538834462e+19 9.402313635506369e+35 
1.70732e+12 2.55512e+30 1.076850029661985e+19 1.017947778266433e+36 
1.84871e+12 2.70118e+30 1.085059174252799e+19 1.102102127660540e+36 
2.00182e+12 2.84809e+30 1.092685573813264e+19 1.193230154167427e+36 
2.16765e+12 2.99398e+30 1.099681172595970e+19 1.291912599783882e+36 
2.34723e+12 3.13652e+30 1.105993987737653e+19 1.398779057368948e+36 
2.54174e+12 3.27277e+30 1.111567770556111e+19 1.514512162662074e+36 
2.75240e+12 3.39917e+30 1.116344372158140e+19 1.639852082760376e+36 
2.98056e+12 3.51308e+30 1.120336366758395e+19 1.775599434091361e+36 
3.22775e+12 3.57490e+30 1.122328186780759e+19 1.922661419496199e+36 
3.49516e+12 3.80495e+30 1.129028306462978e+19 2.081749602524238e+36 
3.78436e+12 4.28354e+30 1.142110973307517e+19 2.253780815997565e+36 
4.09763e+12 4.75722e+30 1.154122060985810e+19 2.440106449571164e+36 
4.43686e+12 5.30074e+30 1.166844879451936e+19 2.641840621424446e+36 
4.80422e+12 5.91529e+30 1.180130654054657e+19 2.860270347540118e+36 
5.20200e+12 6.60766e+30 1.193953985074614e+19 3.096751839508230e+36 
5.63266e+12 7.38465e+30 1.208279763103307e+19 3.352742991059637e+36 
6.09905e+12 8.26704e+30 1.223303526753435e+19 3.629924024649251e+36 
6.60410e+12 9.26602e+30 1.239011373979751e+19 3.930031235587077e+36 
7.15099e+12 1.03931e+31 1.255377511978297e+19 4.254940999464463e+36 
7.74317e+12 1.16643e+31 1.272423570202348e+19 4.606696855143720e+36 
8.38448e+12 1.31098e+31 1.290323037481351e+19 4.987559491397562e+36 
9.07893e+12 1.47356e+31 1.308914052288188e+19 5.399892267727517e+36 
9.83093e+12 1.65749e+31 1.328335780402809e+19 5.846307041446331e+36 
1.06453e+13 1.86743e+31 1.348805677723678e+19 6.329644615637082e+36 
1.15272e+13 2.10681e+31 1.370360886409494e+19 6.852943045736948e+36 
1.24823e+13 2.37362e+31 1.392546687481962e+19 7.419486520306459e+36 
1.35165e+13 2.67423e+31 1.415628008365059e+19 8.032864846105263e+36 
1.46366e+13 3.01623e+31 1.439874416271661e+19 8.696963044204789e+36 
1.58495e+13 3.40309e+31 1.465200940461099e+19 9.415963155430209e+36 
1.71632e+13 3.83955e+31 1.491584886214738e+19 1.019440474930217e+37 
1.85859e+13 4.33366e+31 1.519164551514384e+19 1.103720198131382e+37 
2.01266e+13 4.89104e+31 1.547892600531088e+19 1.194967720116918e+37 
2.17953e+13 5.51480e+31 1.577577224931840e+19 1.293759286800988e+37 
2.36026e+13 6.22001e+31 1.608564232554875e+19 1.400716459039529e+37 
2.55599e+13 7.01083e+31 1.640649676881570e+19 1.516516985743707e+37 
2.76799e+13 7.89631e+31 1.673820533077233e+19 1.641891782326737e+37 
2.99760e+13 8.88843e+31 1.708136177938118e+19 1.777629881743636e+37 
3.24628e+13 9.98892e+31 1.743281027112771e+19 1.924590478640448e+37 
3.51563e+13 1.12143e+32 1.779411266989077e+19 2.083701198431522e+37 
3.80737e+13 1.25703e+32 1.816328533250757e+19 2.255965598437236e+37 
4.12335e+13 1.40567e+32 1.853689585965351e+19 2.442470922231787e+37 
4.46561e+13 1.56782e+32 1.891322589457149e+19 2.644396988406313e+37 
4.83632e+13 1.74438e+32 1.929153913476628e+19 2.863017659024127e+37 
5.23784e+13 1.93613e+32 1.967087178438538e+19 3.099713119706900e+37 
5.67275e+13 2.14319e+32 2.004907992342065e+19 3.355978063373943e+37 
6.14381e+13 2.36446e+32 2.042222438895286e+19 3.633431244895427e+37 
6.65403e+13 2.60314e+32 2.079393821746935e+19 3.933823267173823e+37 
7.20665e+13 2.84003e+32 2.113462779697892e+19 4.259051583854034e+37 
7.80519e+13 3.07819e+32 2.145071151929886e+19 4.611174782403124e+37 
8.45345e+13 3.35615e+32 2.179129711458794e+19 4.992410095022693e+37 
9.15557e+13 3.63804e+32 2.211015739160014e+19 5.405166045419582e+37 
9.91602e+13 4.00026e+32 2.249413574278319e+19 5.852004010703480e+37 
1.07396e+14 4.11438e+32 2.260430202157346e+19 6.335829584700806e+37 
1.16315e+14 4.74488e+32 2.314740370271995e+19 6.859740643977437e+37 
1.25979e+14 5.75180e+32 2.397330925088797e+19 7.426861593174186e+37 
1.36452e+14 6.92662e+32 2.486388563100936e+19 8.040856912678096e+37 
1.47802e+14 8.30562e+32 2.582838215862448e+19 8.705612528927259e+37 
1.60105e+14 9.94006e+32 2.688297744515977e+19 9.425324988933958e+37 
1.73441e+14 1.19011e+33 2.805015024445245e+19 1.020453760976725e+38 
1.87900e+14 1.42880e+33 2.936034558439380e+19 1.104816950172347e+38 
2.03578e+14 1.72388e+33 3.085391842280461e+19 1.196154628636090e+38 
2.20584e+14 2.09447e+33 3.258320174263890e+19 1.295043391741379e+38 
2.39033e+14 2.56685e+33 3.461470045956153e+19 1.402107503458882e+38 
2.59057e+14 3.17677e+33 3.703120361458673e+19 1.518022849736020e+38 
2.80800e+14 3.97229e+33 3.993365031644133e+19 1.643521183033914e+38 
3.04425e+14 5.01727e+33 4.344240569600396e+19 1.779394749084948e+38 
3.30114e+14 6.39531e+33 4.769768837100979e+19 1.926501292544920e+38 
3.58072e+14 8.21443e+33 5.285895547405168e+19 2.085769479730771e+38 
3.88534e+14 1.06124e+34 5.910330256335863e+19 2.258204736846037e+38 
4.21768e+14 1.37629e+34 6.662327513374862e+19 2.444895597232560e+38 
4.58081e+14 1.78834e+34 7.562472949088233e+19 2.647020604681479e+38 
4.97829e+14 2.32449e+34 8.632541661240235e+19 2.865855755247630e+38 
5.41425e+14 3.01851e+34 9.895437294222693e+19 3.102782497296108e+38 
5.89351e+14 3.91239e+34 1.137512450033081e+20 3.359296491859013e+38 
6.42172e+14 5.05836e+34 1.309637166337950e+20 3.637017033473410e+38 
7.00551e+14 6.52095e+34 1.508404840797094e+20 3.937697296068603e+38 
7.65275e+14 8.37903e+34 1.736174113130167e+20 4.263235393187196e+38 
8.37274e+14 1.07273e+35 1.994961401097680e+20 4.615686388671030e+38 
9.17648e+14 1.36771e+35 2.286174588434922e+20 4.997275224622749e+38 
1.00770e+15 1.73560e+35 2.610358545523007e+20 5.410410856480497e+38 
1.10897e+15 2.19073e+35 2.967039483977999e+20 5.857701383206319e+38 
1.22325e+15 2.74896e+35 3.354739650352880e+20 6.341970591149722e+38 
1.35265e+15 3.42780e+35 3.771168662288145e+20 6.866275568272570e+38 
1.49960e+15 4.24670e+35 4.213529957903063e+20 7.433926208659031e+38 
1.66696e+15 5.22757e+35 4.678845199041307e+20 8.048505925768455e+38 
1.85800e+15 6.39546e+35 5.164219432920925e+20 8.713894426229297e+38 
2.07654e+15 7.77926e+35 5.667011648063323e+20 9.434292229893934e+38 
2.32698e+15 9.41264e+35 6.184916191369130e+20 1.021424684945362e+39 
2.61442e+15 1.13349e+36 6.715978596913817e+20 1.105868198593971e+39 
2.94480e+15 1.35922e+36 7.258572095519827e+20 1.197292849335326e+39 
3.32497e+15 1.62384e+36 7.811357759852998e+20 1.296275630271249e+39 
