500
1.65881e+08 3.35188e+25 9.999999999999999e-01 9.995065250488519e+31 
1.71466e+08 3.50504e+25 9.078282013005248e+15 1.033150388767582e+32 
1.77239e+08 3.66508e+25 1.825625664813894e+16 1.067927647197923e+32 
1.83206e+08 3.83268e+25 2.755384290111396e+16 1.103875364305338e+32 
1.89374e+08 4.00767e+25 3.694581127858526e+16 1.141031494075416e+32 
1.95750e+08 4.19032e+25 4.642921922604934e+16 1.179439780313818e+32 
2.02341e+08 4.38115e+25 5.601498455286007e+16 1.219141235373389e+32 
2.09154e+08 4.58115e+25 6.573404519804159e+16 1.260178201208797e+32 
2.16196e+08 4.78951e+25 7.552906598903459e+16 1.302595921085874e+32 
2.23475e+08 5.00744e+25 8.544079662985635e+16 1.346442842020468e+32 
2.30999e+08 5.23520e+25 9.546182040585886e+16 1.391765478274622e+32 
2.38777e+08 5.47304e+25 1.055855588468959e+17 1.438613103324967e+32 
2.46817e+08 5.72227e+25 1.158484562013737e+17 1.487038440622620e+32 
2.55127e+08 5.98212e+25 1.262000614051000e+17 1.537093179018519e+32 
2.63717e+08 6.25315e+25 1.366457208057788e+17 1.588832735899212e+32 
2.72596e+08 6.53701e+25 1.472288858816817e+17 1.642313944016165e+32 
2.81774e+08 6.83354e+25 1.579246886436373e+17 1.697594951120306e+32 
2.91262e+08 7.14361e+25 1.687442844063897e+17 1.754738182536849e+32 
3.01069e+08 7.46662e+25 1.796487004085802e+17 1.813804061974208e+32 
3.11206e+08 7.80508e+25 1.907018761491214e+17 1.874857874370730e+32 
3.21684e+08 8.15878e+25 2.018769294808556e+17 1.937967045393847e+32 
3.32515e+08 8.52720e+25 2.131376172710770e+17 2.003200769889143e+32 
3.43711e+08 8.91336e+25 2.245560447546583e+17 2.070630086896756e+32 
3.55284e+08 9.31588e+25 2.360704005223001e+17 2.140329551177280e+32 
3.67247e+08 9.73653e+25 2.477116948447022e+17 2.212374219746951e+32 
3.79613e+08 1.01760e+26 2.594782985237395e+17 2.286844130275821e+32 
3.92395e+08 1.06350e+26 2.713662375785287e+17 2.363821768254749e+32 
4.05607e+08 1.11150e+26 2.833939072160069e+17 2.443389786074420e+32 
4.19264e+08 1.16159e+26 2.955338166659327e+17 2.525636462651785e+32 
4.33381e+08 1.21401e+26 3.078274193366543e+17 2.610650415502471e+32 
4.47974e+08 1.26866e+26 3.202249699015005e+17 2.698526954292017e+32 
4.63058e+08 1.32591e+26 3.327903478792374e+17 2.789362026229552e+32 
4.78650e+08 1.38547e+26 3.454365404422564e+17 2.883254146272213e+32 
4.94767e+08 1.44789e+26 3.582592181446549e+17 2.980306549695933e+32 
5.11427e+08 1.51299e+26 3.711954179291923e+17 3.080626905504925e+32 
5.28648e+08 1.58088e+26 3.842461258986588e+17 3.184321859072186e+32 
5.46448e+08 1.65203e+26 3.974787715999996e+17 3.291509658882589e+32 
5.64849e+08 1.72613e+26 4.108112519344904e+17 3.402303911747232e+32 
5.83869e+08 1.80370e+26 4.243123390683758e+17 3.516828511756344e+32 
6.03529e+08 1.88471e+26 4.379530577001973e+17 3.635207366236661e+32 
6.23851e+08 1.96906e+26 4.516945121521298e+17 3.757571612935286e+32 
6.44858e+08 2.05758e+26 4.656439758623515e+17 3.884055371467617e+32 
6.66572e+08 2.14960e+26 4.796747616250851e+17 4.014794311897193e+32 
6.89018e+08 2.24594e+26 4.938840967404316e+17 4.149936302771636e+32 
7.12220e+08 2.34644e+26 5.082243631102477e+17 4.289625962404747e+32 
7.36203e+08 2.45159e+26 5.227380225951754e+17 4.434018404504775e+32 
7.60993e+08 2.56116e+26 5.373701700604313e+17 4.583270801265544e+32 
7.86619e+08 2.67585e+26 5.521874394891611e+17 4.737548238909453e+32 
8.13107e+08 2.79536e+26 5.671246170406032e+17 4.897016910316468e+32 
8.40487e+08 2.92060e+26 5.822663870570822e+17 5.061854634250072e+32 
8.68790e+08 3.05099e+26 5.975192591930911e+17 5.232240216564713e+32 
8.98046e+08 3.18685e+26 6.128930101153044e+17 5.408361514884339e+32 
9.28287e+08 3.32914e+26 6.284694058508163e+17 5.590411689004374e+32 
9.59547e+08 3.47772e+26 6.442050625819699e+17 5.778590057288193e+32 
9.91859e+08 3.63261e+26 6.600742574418948e+17 5.973101249219867e+32 
1.02526e+09 3.79508e+26 6.761774843410906e+17 6.174160473837329e+32 
1.05979e+09 3.96412e+26 6.923866318680977e+17 6.381988118034771e+32 
1.09547e+09 4.14073e+26 7.087695340744196e+17 6.596810795995694e+32 
1.13236e+09 4.32491e+26 7.252981963735497e+17 6.818864427393213e+32 
1.17050e+09 4.51735e+26 7.420054179621492e+17 7.048392544425671e+32 
1.20991e+09 4.71858e+26 7.589058369286198e+17 7.285647300653244e+32 
1.25066e+09 4.92811e+26 7.759306873248675e+17 7.530887262559878e+32 
1.29278e+09 5.14730e+26 7.931596339460337e+17 7.784384391521372e+32 
1.33631e+09 5.37610e+26 8.105585296519142e+17 8.046412560614037e+32 
1.38131e+09 5.61478e+26 8.281168579771491e+17 8.317260315317687e+32 
1.42783e+09 5.86403e+26 8.458556467641208e+17 8.597226320362853e+32 
1.47592e+09 6.12430e+26 8.637753580053524e+17 8.886616518649452e+32 
1.52562e+09 6.39609e+26 8.818779708932609e+17 9.185746335533005e+32 
1.57700e+09 6.67990e+26 9.001651612863197e+17 9.494945527098707e+32 
1.63011e+09 6.97627e+26 9.186400101845219e+17 9.814553400815089e+32 
1.68500e+09 7.28518e+26 9.372687870073656e+17 1.014491943699954e+33 
1.74175e+09 7.60715e+26 9.560526752101740e+17 1.048640135154872e+33 
1.80041e+09 7.94461e+26 9.750984798276064e+17 1.083938675141806e+33 
1.86104e+09 8.29601e+26 9.942848288941457e+17 1.120425768332768e+33 
1.92372e+09 8.66347e+26 1.013694250683600e+18 1.158138891106091e+33 
1.98851e+09 9.04708e+26 1.033296646253792e+18 1.197123926484384e+33 
2.05547e+09 9.44568e+26 1.053001096818404e+18 1.237418536597341e+33 
2.12470e+09 9.86384e+26 1.072998600578250e+18 1.279071530448675e+33 
2.19625e+09 1.02994e+27 1.093150025346550e+18 1.322125700220149e+33 
2.27022e+09 1.07550e+27 1.113540886555993e+18 1.366630428259652e+33 
2.34668e+09 1.12288e+27 1.134054998406787e+18 1.412631222546487e+33 
2.42571e+09 1.17245e+27 1.154821270470724e+18 1.460182099274628e+33 
2.50741e+09 1.22421e+27 1.175796650072834e+18 1.509333098964292e+33 
2.59186e+09 1.27807e+27 1.196907891983048e+18 1.560138485265112e+33 
2.67915e+09 1.33449e+27 1.218306760305846e+18 1.612654557912647e+33 
2.76939e+09 1.39326e+27 1.239868987601088e+18 1.666937091960213e+33 
2.86266e+09 1.45451e+27 1.261609667626454e+18 1.723047603837826e+33 
2.95907e+09 1.51869e+27 1.283645741830349e+18 1.781047249288179e+33 
3.05874e+09 1.58541e+27 1.305808492592567e+18 1.840998871543462e+33 
3.16176e+09 1.65511e+27 1.328205839912508e+18 1.902967530046744e+33 
3.26825e+09 1.72780e+27 1.350803672978301e+18 1.967023262195066e+33 
3.37833e+09 1.80392e+27 1.373697943541616e+18 2.033235016453486e+33 
3.49211e+09 1.88294e+27 1.396688998161331e+18 2.101675247833447e+33 
3.60973e+09 1.96567e+27 1.419973524391502e+18 2.172418894011382e+33 
3.73131e+09 2.05202e+27 1.443486491140938e+18 2.245545284945846e+33 
3.85699e+09 2.14199e+27 1.467187778232595e+18 2.321131433039714e+33 
3.98690e+09 2.23598e+27 1.491137206641018e+18 2.399262336135991e+33 
4.12119e+09 2.33389e+27 1.515276127542123e+18 2.480024442832312e+33 
4.26000e+09 2.43611e+27 1.539655901562596e+18 2.563502985046586e+33 
4.40349e+09 2.54280e+27 1.564270087035094e+18 2.649793373740511e+33 
4.55181e+09 2.65414e+27 1.589122578382063e+18 2.738987325525085e+33 
4.70513e+09 2.77025e+27 1.614192477693692e+18 2.831184029471813e+33 
4.86362e+09 2.89140e+27 1.639500746265119e+18 2.926483924053675e+33 
5.02744e+09 3.01786e+27 1.665055092645071e+18 3.024991756280206e+33 
5.19678e+09 3.14982e+27 1.690852283313256e+18 3.126815198734840e+33 
5.37183e+09 3.28715e+27 1.716825504408200e+18 3.232066386613957e+33 
5.55278e+09 3.43083e+27 1.743113809988397e+18 3.340860319784670e+33 
5.73982e+09 3.58047e+27 1.769598604347069e+18 3.453316082958449e+33 
5.93316e+09 3.73644e+27 1.796306080046476e+18 3.569557623684748e+33 
6.13302e+09 3.89950e+27 1.823315903491012e+18 3.689712501008489e+33 
6.33961e+09 4.06927e+27 1.850521604783629e+18 3.813910678031190e+33 
6.55317e+09 4.24663e+27 1.878015735265031e+18 3.942290327565913e+33 
6.77391e+09 4.43123e+27 1.905701710503982e+18 4.074990644825248e+33 
7.00210e+09 4.62447e+27 1.933736191553469e+18 4.212158498897724e+33 
7.23797e+09 4.82535e+27 1.961931771862856e+18 4.353943324638825e+33 
7.48179e+09 5.03514e+27 1.990416435141430e+18 4.500500457578287e+33 
7.73383e+09 5.25390e+27 2.019151018536697e+18 4.651991935790846e+33 
7.99436e+09 5.48240e+27 2.048187452269161e+18 4.808581388040935e+33 
8.26366e+09 5.71997e+27 2.077392492826613e+18 4.970442646793854e+33 
8.54204e+09 5.96786e+27 2.106872421310590e+18 5.137750333785881e+33 
8.82980e+09 6.22690e+27 2.136673658878145e+18 5.310692148483894e+33 
9.12726e+09 6.49709e+27 2.166744522812201e+18 5.489454167398330e+33 
9.43474e+09 6.77857e+27 2.197051449723055e+18 5.674233917442946e+33 
9.75258e+09 7.07228e+27 2.227644162246809e+18 5.865232808591724e+33 
1.00811e+10 7.37778e+27 2.258427119133136e+18 6.062661961442515e+33 
1.04208e+10 7.69677e+27 2.289521997979996e+18 6.266737001630058e+33 
1.07718e+10 8.02984e+27 2.320931085006969e+18 6.477679813996732e+33 
1.11347e+10 8.37681e+27 2.352583891893885e+18 6.695724377558066e+33 
1.15098e+10 8.73858e+27 2.384511488566322e+18 6.921106868424886e+33 
1.18976e+10 9.11558e+27 2.416698426335733e+18 7.154077459748176e+33 
1.22984e+10 9.50881e+27 2.449175824880152e+18 7.394890219922127e+33 
1.27128e+10 9.91891e+27 2.481943050822622e+18 7.643807782491636e+33 
1.31411e+10 1.03461e+28 2.514962204553361e+18 7.901105097427651e+33 
1.35838e+10 1.07915e+28 2.548269121566732e+18 8.167063494023609e+33 
1.40415e+10 1.12570e+28 2.581940825260129e+18 8.441973156012639e+33 
1.45145e+10 1.17409e+28 2.615802400018821e+18 8.726137240353179e+33 
1.50036e+10 1.22448e+28 2.649919046695871e+18 9.019866558466607e+33 
1.55091e+10 1.27722e+28 2.684457228875599e+18 9.323482752558865e+33 
1.60316e+10 1.33200e+28 2.719164171464022e+18 9.637318778247524e+33 
1.65718e+10 1.38916e+28 2.754200225078232e+18 9.961719554528061e+33 
1.71301e+10 1.44872e+28 2.789513667187174e+18 1.029703738372235e+34 
1.77073e+10 1.51092e+28 2.825188157802360e+18 1.064364830293040e+34 
1.83039e+10 1.57558e+28 2.861070430313854e+18 1.100191921288998e+34 
1.89206e+10 1.64310e+28 2.897312471176647e+18 1.137225500045818e+34 
1.95581e+10 1.71330e+28 2.933771044090243e+18 1.175505355145904e+34 
2.02171e+10 1.78658e+28 2.970581788495816e+18 1.215074433768566e+34 
2.08983e+10 1.86308e+28 3.007762194359633e+18 1.255975230152391e+34 
2.16025e+10 1.94244e+28 3.045073106280928e+18 1.298251189565185e+34 
2.23304e+10 2.02545e+28 3.082826481116573e+18 1.341951884245181e+34 
2.30828e+10 2.11195e+28 3.120884247872007e+18 1.387123292211725e+34 
2.38606e+10 2.20197e+28 3.159199249564604e+18 1.433813884309257e+34 
2.46647e+10 2.29571e+28 3.197797562164428e+18 1.482078414779536e+34 
2.54957e+10 2.39337e+28 3.236699152870821e+18 1.531965638251740e+34 
2.63549e+10 2.49515e+28 3.275921331753525e+18 1.583533434352965e+34 
2.72430e+10 2.60150e+28 3.315564391693449e+18 1.636836686611691e+34 
2.81610e+10 2.71186e+28 3.355366302137140e+18 1.691933585383751e+34 
2.91099e+10 2.82712e+28 3.395574635170651e+18 1.748886086593514e+34 
3.00909e+10 2.94709e+28 3.436062456532644e+18 1.807755313098450e+34 
3.11049e+10 3.07186e+28 3.476800249298139e+18 1.868605359100626e+34 
3.21531e+10 3.20196e+28 3.517890794978297e+18 1.931504607099814e+34 
3.32366e+10 3.33781e+28 3.559397933293130e+18 1.996521547845392e+34 
3.43567e+10 3.47904e+28 3.601143330310417e+18 2.063725930105546e+34 
3.55145e+10 3.62604e+28 3.643174814763485e+18 2.133192089908923e+34 
3.67113e+10 3.77920e+28 3.685541060664866e+18 2.204997360559874e+34 
3.79485e+10 3.93866e+28 3.728212057675402e+18 2.279219198579546e+34 
3.92274e+10 4.10509e+28 3.771295008772622e+18 2.355939824615229e+34 
4.05494e+10 4.27794e+28 3.814579485857619e+18 2.435242491079803e+34 
4.19160e+10 4.45807e+28 3.858217954384419e+18 2.517216456816235e+34 
4.33286e+10 4.64576e+28 3.902203943650698e+18 2.601947680384981e+34 
4.47888e+10 4.84134e+28 3.946544787921132e+18 2.689531003718791e+34 
4.62983e+10 5.04440e+28 3.991081960715570e+18 2.780063107279792e+34 
4.78587e+10 5.25618e+28 4.036013689460958e+18 2.873642654454287e+34 
4.94717e+10 5.47716e+28 4.081370596090937e+18 2.970371961749846e+34 
5.11390e+10 5.70649e+28 4.126905288689377e+18 3.070357897607259e+34 
5.28626e+10 5.94553e+28 4.172819032500023e+18 3.173707941542663e+34 
5.46443e+10 6.19449e+28 4.219078704949236e+18 3.280538725548301e+34 
5.64860e+10 6.45343e+28 4.265625838393120e+18 3.390963841100706e+34 
5.83898e+10 6.72302e+28 4.312504972502517e+18 3.505107074636505e+34 
6.03579e+10 7.00383e+28 4.359742484798542e+18 3.623091787122511e+34 
6.23922e+10 7.29569e+28 4.407238024887245e+18 3.745049388978291e+34 
6.44952e+10 7.60049e+28 4.455220836174325e+18 3.871111975031234e+34 
6.66691e+10 7.91605e+28 4.503278304996974e+18 4.001415720462807e+34 
6.89162e+10 8.24581e+28 4.551859046659049e+18 4.136107149158104e+34 
7.12392e+10 8.58912e+28 4.600788645170676e+18 4.275332674006707e+34 
7.36405e+10 8.94484e+28 4.649831613664879e+18 4.419244468842451e+34 
7.61227e+10 9.31679e+28 4.699438602237582e+18 4.567999919750015e+34 
7.86886e+10 9.70266e+28 4.749225152574012e+18 4.721763958837770e+34 
8.13410e+10 1.01047e+29 4.799399963691713e+18 4.880703185462011e+34 
8.40829e+10 1.05227e+29 4.849875995716122e+18 5.044991887996392e+34 
8.69173e+10 1.09574e+29 4.900648409536119e+18 5.214810879577843e+34 
8.98472e+10 1.14108e+29 4.951877951582673e+18 5.390346989398086e+34 
9.28759e+10 1.18807e+29 5.003249844126582e+18 5.571790807042631e+34 
9.60067e+10 1.23701e+29 5.054991824219793e+18 5.759343378017040e+34 
9.92431e+10 1.28795e+29 5.107099894946993e+18 5.953207207157193e+34 
1.02589e+11 1.34098e+29 5.159576361117309e+18 6.153598534825085e+34 
1.06047e+11 1.39610e+29 5.212351047881528e+18 6.360735467147778e+34 
1.09622e+11 1.45344e+29 5.265443567786777e+18 6.574843231964116e+34 
1.13318e+11 1.51297e+29 5.318780169431854e+18 6.796158780840185e+34 
1.17138e+11 1.57492e+29 5.372463038178712e+18 7.024923459388613e+34 
1.21087e+11 1.63938e+29 5.426500914633982e+18 7.261389865487549e+34 
1.25169e+11 1.70647e+29 5.480915073872193e+18 7.505815087492996e+34 
1.29389e+11 1.77600e+29 5.535461544448024e+18 7.758469087323395e+34 
1.33751e+11 1.84855e+29 5.590524197317242e+18 8.019627213210464e+34 
1.38260e+11 1.92373e+29 5.645719959815413e+18 8.289574816908970e+34 
1.42921e+11 2.00220e+29 5.701455808060493e+18 8.568610843471235e+34 
1.47740e+11 2.08338e+29 5.757228093725772e+18 8.857039091931865e+34 
1.52721e+11 2.16809e+29 5.813529594174607e+18 9.155176412254241e+34 
1.57870e+11 2.25598e+29 5.870044029259267e+18 9.463348396792459e+34 
1.63193e+11 2.34752e+29 5.926978392310546e+18 9.781894026306115e+34 
1.68695e+11 2.44238e+29 5.984053793463126e+18 1.011116331683928e+35 
1.74383e+11 2.54106e+29 6.041493511603425e+18 1.045151073601819e+35 
1.80262e+11 2.64370e+29 6.099284125520866e+18 1.080332910516915e+35 
1.86340e+11 2.75044e+29 6.157430088694614e+18 1.116697794828600e+35 
1.92623e+11 2.86099e+29 6.215682318089612e+18 1.154285649285039e+35 
1.99118e+11 2.97618e+29 6.274394771269499e+18 1.193140917301311e+35 
2.05832e+11 3.09562e+29 6.333292972599151e+18 1.233303178768182e+35 
2.12772e+11 3.21978e+29 6.392518928159780e+18 1.274817725692927e+35 
2.19947e+11 3.34886e+29 6.452082838130617e+18 1.317729752552813e+35 
2.27363e+11 3.48291e+29 6.511920640224568e+18 1.362085648152692e+35 
2.35029e+11 3.62219e+29 6.572067163036511e+18 1.407934319092701e+35 
2.42955e+11 3.76652e+29 6.632361649851865e+18 1.455327685635307e+35 
2.51147e+11 3.91656e+29 6.692992082519974e+18 1.504315948875508e+35 
2.59616e+11 4.07247e+29 6.753940935016873e+18 1.554951650927299e+35 
2.68371e+11 4.23415e+29 6.815081760165071e+18 1.607294438052374e+35 
2.77420e+11 4.40229e+29 6.876592872625438e+18 1.661397252000698e+35 
2.86775e+11 4.57664e+29 6.938291816589021e+18 1.717321097066146e+35 
2.96446e+11 4.75773e+29 7.000288279141050e+18 1.775129081672991e+35 
3.06443e+11 4.94577e+29 7.062560546959353e+18 1.834881318511035e+35 
3.16777e+11 5.14101e+29 7.125108550296434e+18 1.896644747876434e+35 
3.27460e+11 5.34349e+29 7.187859533783320e+18 1.960488136794550e+35 
3.38503e+11 5.55364e+29 7.250859880760057e+18 2.026481202518202e+35 
3.49918e+11 5.77206e+29 7.314205661016126e+18 2.094694425855426e+35 
3.61719e+11 5.99818e+29 7.377642596993196e+18 2.165204509182463e+35 
3.73918e+11 6.23318e+29 7.441421161873342e+18 2.238087657115375e+35 
3.86528e+11 6.47655e+29 7.505314534702047e+18 2.313424171983824e+35 
3.99564e+11 6.72971e+29 7.569609881928570e+18 2.391296552089840e+35 
4.13039e+11 6.99151e+29 7.633928275811394e+18 2.471790855016199e+35 
4.26969e+11 7.26370e+29 7.698617028887035e+18 2.554993891296662e+35 
4.41369e+11 7.54572e+29 7.763457070711895e+18 2.640997757366138e+35 
4.56255e+11 7.83829e+29 7.828524879969223e+18 2.729896837216064e+35 
4.71643e+11 8.14136e+29 7.893729159937940e+18 2.821789126523242e+35 
4.87550e+11 8.45601e+29 7.959216141830962e+18 2.916773004276511e+35 
5.03994e+11 8.78306e+29 8.025067827395056e+18 3.014955201491832e+35 
5.20989e+11 9.10172e+29 8.087131053043233e+18 3.116422633387568e+35 
5.38562e+11 9.45290e+29 8.153289632160399e+18 3.221326870651040e+35 
5.56726e+11 9.81558e+29 8.219391653573667e+18 3.329760798901834e+35 
5.75504e+11 1.01913e+30 8.285628823771504e+18 3.441843847272548e+35 
5.94915e+11 1.05797e+30 8.351884832955749e+18 3.557701153761373e+35 
6.14981e+11 1.09992e+30 8.421308236351524e+18 3.677454947204395e+35 
6.35723e+11 1.11807e+30 8.450280807948753e+18 3.801244035325175e+35 
6.57166e+11 1.13918e+30 8.482887913199460e+18 3.929203660080770e+35 
6.79331e+11 1.15804e+30 8.511060849994973e+18 4.061471361322363e+35 
7.02242e+11 1.17680e+30 8.538176108927578e+18 4.198190721797193e+35 
7.25926e+11 1.19531e+30 8.564050289759496e+18 4.339514654978960e+35 
7.50408e+11 1.21305e+30 8.588046524326360e+18 4.485593945585890e+35 
7.75715e+11 1.23148e+30 8.612168434024541e+18 4.636591686851737e+35 
8.01874e+11 1.24931e+30 8.634728945760818e+18 4.792670967850647e+35 
8.28914e+11 1.26760e+30 8.657128358110703e+18 4.954005964063497e+35 
8.56865e+11 1.28583e+30 8.678727177328500e+18 5.120770979077019e+35 
8.85758e+11 1.30451e+30 8.700128091794826e+18 5.293149640361739e+35 
9.15624e+11 1.32374e+30 8.721444845925920e+18 5.471330822080921e+35 
9.46497e+11 1.34272e+30 8.741808466319930e+18 5.655510318847765e+35 
9.78409e+11 1.36199e+30 8.761792839015465e+18 5.845889477457187e+35 
1.01140e+12 1.38302e+30 8.782908166067831e+18 6.042676945096350e+35 
1.04549e+12 1.40332e+30 8.802619953177106e+18 6.246088188049142e+35 
1.08074e+12 1.42441e+30 8.822423121752259e+18 6.456347539177290e+35 
1.11718e+12 1.44596e+30 8.842011313491301e+18 6.673683443093522e+35 
1.15484e+12 1.46802e+30 8.861401978307487e+18 6.898334682938070e+35 
1.19377e+12 1.48991e+30 8.880022652437108e+18 7.130550034790226e+35 
1.23401e+12 1.51347e+30 8.899406881097971e+18 7.370581023983336e+35 
1.27560e+12 1.53772e+30 8.918707302453019e+18 7.618691308386267e+35 
1.31860e+12 1.56267e+30 8.937915527667451e+18 7.875154350540014e+35 
1.36305e+12 1.58739e+30 8.956334982545985e+18 8.140249879669947e+35 
1.40899e+12 1.61363e+30 8.975240683972348e+18 8.414267674516256e+35 
1.45648e+12 1.64090e+30 8.994253866280417e+18 8.697510949072777e+35 
1.50557e+12 1.66796e+30 9.012504244468593e+18 8.990288130183135e+35 
1.55632e+12 1.69680e+30 9.031319570511831e+18 9.292920245862477e+35 
1.60877e+12 1.72640e+30 9.050005236469441e+18 9.605738611164289e+35 
1.66299e+12 1.75619e+30 9.068193575435751e+18 9.929087576569316e+35 
1.71903e+12 1.78780e+30 9.086864776518023e+18 1.026332104412905e+36 
1.77697e+12 1.81930e+30 9.104870295522150e+18 1.060880766712865e+36 
1.83685e+12 1.85301e+30 9.123507745358276e+18 1.096592055811259e+36 
1.89876e+12 1.88644e+30 9.141388369449246e+18 1.133504950883423e+36 
1.96274e+12 1.92239e+30 9.159985489987548e+18 1.171660255978266e+36 
2.02889e+12 1.95786e+30 9.177744822645662e+18 1.211102232560523e+36 
2.09726e+12 1.99492e+30 9.195686369229201e+18 1.251869631982702e+36 
2.16793e+12 2.03378e+30 9.213890334353041e+18 1.294009392954262e+36 
2.24098e+12 2.07318e+30 9.231749062039165e+18 1.337568655580516e+36 
2.31650e+12 2.11426e+30 9.249760667160254e+18 1.382593493735109e+36 
2.39455e+12 2.15570e+30 9.267335342363961e+18 1.429133340231530e+36 
2.47524e+12 2.19855e+30 9.284920513265156e+18 1.477241303362987e+36 
2.55864e+12 2.24308e+30 9.302595007511566e+18 1.526967510046595e+36 
2.64486e+12 2.28791e+30 9.319811432698808e+18 1.578368327139565e+36 
2.73397e+12 2.33541e+30 9.337459886514997e+18 1.631498692412415e+36 
2.82609e+12 2.38371e+30 9.354818187772981e+18 1.686417676991926e+36 
2.92131e+12 2.43277e+30 9.371876095533763e+18 1.743184651046226e+36 
3.01974e+12 2.48378e+30 9.389035474343072e+18 1.801863862858058e+36 
3.12148e+12 2.53587e+30 9.405984734699301e+18 1.862517323321572e+36 
3.22665e+12 2.58882e+30 9.422652287649034e+18 1.925212224454906e+36 
3.33537e+12 2.64454e+30 9.439622541498939e+18 1.990018797820746e+36 
3.44774e+12 2.70063e+30 9.456147592280773e+18 2.057005250004854e+36 
3.56390e+12 2.75803e+30 9.472509855333167e+18 2.126247510349553e+36 
3.68397e+12 2.81687e+30 9.488734287636943e+18 2.197820211744717e+36 
3.80808e+12 2.87720e+30 9.504827963018459e+18 2.271802007174904e+36 
3.93638e+12 2.93902e+30 9.520780556251910e+18 2.348275073471338e+36 
4.06900e+12 3.00231e+30 9.536581396951382e+18 2.427321314052866e+36 
4.20608e+12 3.06706e+30 9.552219486148829e+18 2.509028609937451e+36 
4.34778e+12 3.13274e+30 9.567567396021682e+18 2.593485696923815e+36 
4.49425e+12 3.19954e+30 9.582665028670446e+18 2.680785836936646e+36 
4.64565e+12 3.26873e+30 9.597796703968170e+18 2.771025139122472e+36 
4.80215e+12 3.33811e+30 9.612473162827762e+18 2.864301986647224e+36 
4.96393e+12 3.40950e+30 9.627085137895553e+18 2.960718452880575e+36 
5.13115e+12 3.48045e+30 9.641131821258191e+18 3.060381089438376e+36 
5.30400e+12 3.55446e+30 9.655307936503177e+18 3.163397088662096e+36 
5.48268e+12 3.62803e+30 9.668940720027916e+18 3.269881353886136e+36 
5.66737e+12 3.70438e+30 9.682627686516201e+18 3.379949758397780e+36 
5.85828e+12 3.78052e+30 9.695833015622722e+18 3.493723083484591e+36 
6.05562e+12 3.85759e+30 9.708764183994776e+18 3.611327070038300e+36 
6.25961e+12 3.93561e+30 9.721427377606076e+18 3.732889341563548e+36 
6.47046e+12 4.01352e+30 9.733661134680279e+18 3.858543235525853e+36 
6.68842e+12 4.09314e+30 9.745755919790240e+18 3.988426313387551e+36 
6.91371e+12 4.17269e+30 9.757446736814580e+18 4.122682360008034e+36 
7.14660e+12 4.25311e+30 9.768880393100112e+18 4.261457075597735e+36 
7.38732e+12 4.33404e+30 9.780011661751972e+18 4.404901938246526e+36 
7.63615e+12 4.41371e+30 9.790612844321309e+18 4.553176816000306e+36 
7.89336e+12 4.49490e+30 9.801063365990781e+18 4.706443159123966e+36 
8.15923e+12 4.57595e+30 9.811157167122289e+18 4.864867417914803e+36 
8.43405e+12 4.65628e+30 9.820835545349761e+18 5.028625478384555e+36 
8.71813e+12 4.73655e+30 9.830191389348772e+18 5.197894313645424e+36 
9.01177e+12 4.81650e+30 9.839206706748219e+18 5.372861875445243e+36 
9.31530e+12 4.89490e+30 9.847758622909168e+18 5.553719017441863e+36 
9.62905e+12 4.97346e+30 9.856049214552365e+18 5.740664194265183e+36 
9.95336e+12 5.05179e+30 9.864047015593951e+18 5.933901010343607e+36 
1.02886e+13 5.12846e+30 9.871619320050536e+18 6.133643066940740e+36 
1.06351e+13 5.20402e+30 9.878839921029630e+18 6.340108790508278e+36 
1.09933e+13 5.27882e+30 9.885754481519880e+18 6.553523975993321e+36 
1.13635e+13 5.35281e+30 9.892370879852261e+18 6.774122919080214e+36 
1.17463e+13 5.42516e+30 9.898631018972203e+18 7.002147721776452e+36 
1.21419e+13 5.49576e+30 9.904540707112157e+18 7.237846959505014e+36 
1.25508e+13 5.56498e+30 9.910144876666180e+18 7.481481948648502e+36 
1.29734e+13 5.63524e+30 9.915648836427993e+18 7.733316915027233e+36 
1.34104e+13 5.70247e+30 9.920743880863470e+18 7.993628182951351e+36 
1.38620e+13 5.76918e+30 9.925634809345182e+18 8.262702414787189e+36 
1.43288e+13 5.83544e+30 9.930334299441314e+18 8.540834036922996e+36 
1.48114e+13 5.90144e+30 9.934863064200796e+18 8.828328278214506e+36 
1.53101e+13 5.96769e+30 9.939260914901989e+18 9.125499125729940e+36 
1.58257e+13 6.03235e+30 9.943413413403449e+18 9.432672338354931e+36 
1.63587e+13 6.10050e+30 9.947646840445954e+18 9.750186325795043e+36 
1.69095e+13 6.17032e+30 9.951843252681665e+18 1.007838574740417e+37 
1.74790e+13 6.24089e+30 9.955946210283205e+18 1.041764059181113e+37 
1.80676e+13 6.31711e+30 9.960232908563053e+18 1.076830506772370e+37 
1.86760e+13 6.39838e+30 9.964654660445659e+18 1.113078024842447e+37 
1.93049e+13 6.48601e+30 9.969266869807272e+18 1.150545095721041e+37 
1.99549e+13 6.58137e+30 9.974123043457763e+18 1.189273787652172e+37 
2.06269e+13 6.68659e+30 9.979306087987554e+18 1.229305477177159e+37 
2.13215e+13 6.80413e+30 9.984907124476250e+18 1.270685490192589e+37 
2.20394e+13 6.93604e+30 9.990988305272785e+18 1.313457786577019e+37 
2.27815e+13 7.08799e+30 9.997765107802126e+18 1.357670472548606e+37 
2.35487e+13 7.26001e+30 1.000518688753160e+19 1.403370075121319e+37 
2.43416e+13 7.45795e+30 1.001344904150404e+19 1.450608875495570e+37 
2.51613e+13 7.68507e+30 1.002261986602391e+19 1.499438497737604e+37 
2.60085e+13 7.94818e+30 1.003289813913486e+19 1.549910717776579e+37 
2.68843e+13 8.25127e+30 1.004435205970405e+19 1.602082121182372e+37 
2.77895e+13 8.60184e+30 1.005716895158900e+19 1.656009296564086e+37 
2.87253e+13 9.00742e+30 1.007151379183585e+19 1.711752669082404e+37 
2.96925e+13 9.47481e+30 1.008750644403594e+19 1.769371615107571e+37 
3.06924e+13 1.00153e+31 1.010539761306181e+19 1.828931080901178e+37 
3.17259e+13 1.06389e+31 1.012536829697654e+19 1.890494590229128e+37 
3.27942e+13 1.13560e+31 1.014758240709843e+19 1.954129004564970e+37 
3.38986e+13 1.21810e+31 1.017230706036973e+19 2.019908035848161e+37 
3.50401e+13 1.31285e+31 1.019978092241998e+19 2.087899381578240e+37 
3.62201e+13 1.42136e+31 1.023021626422034e+19 2.158180391721873e+37 
3.74398e+13 1.54571e+31 1.026395677273330e+19 2.230826177712444e+37 
3.87007e+13 1.68773e+31 1.030123884475224e+19 2.305917673735904e+37 
4.00041e+13 1.84973e+31 1.034237547636324e+19 2.383537657115894e+37 
4.13514e+13 2.03427e+31 1.038771031354470e+19 2.463768995766530e+37 
4.27441e+13 2.24417e+31 1.043759295065286e+19 2.546701642760280e+37 
4.41838e+13 2.48256e+31 1.049239830300019e+19 2.632425689987653e+37 
4.56720e+13 2.75290e+31 1.055252173674024e+19 2.721035671371355e+37 
4.72105e+13 3.05913e+31 1.061840425408491e+19 2.812628032578235e+37 
4.88008e+13 3.40543e+31 1.069047608022119e+19 2.907303887108461e+37 
5.04449e+13 3.79658e+31 1.076922687067184e+19 3.005166129936706e+37 
5.21444e+13 4.23788e+31 1.085517098955240e+19 3.106322112798028e+37 
5.39013e+13 4.73518e+31 1.094885797061518e+19 3.210884354134971e+37 
5.57175e+13 5.29492e+31 1.105086535489859e+19 3.318965103378508e+37 
5.75951e+13 5.92433e+31 1.116182114633293e+19 3.430684514026466e+37 
5.95362e+13 6.63135e+31 1.128238265500038e+19 3.546163730079914e+37 
6.15428e+13 7.42475e+31 1.141325203241867e+19 3.665530940453223e+37 
6.36174e+13 8.31442e+31 1.155521292799420e+19 3.788915882177771e+37 
6.57621e+13 9.24821e+31 1.170033174966895e+19 3.916452726214704e+37 
6.79799e+13 9.54029e+31 1.174394981472189e+19 4.048324454417750e+37 
7.02719e+13 1.07765e+32 1.192098668716032e+19 4.184597267997531e+37 
7.26416e+13 1.20766e+32 1.210260264156288e+19 4.325454952337876e+37 
7.50916e+13 1.35258e+32 1.229839048778506e+19 4.471052612676932e+37 
7.76246e+13 1.51393e+32 1.250924127802875e+19 4.621552423702712e+37 
8.02435e+13 1.69344e+32 1.273611988199617e+19 4.777117206045969e+37 
8.29512e+13 1.89299e+32 1.298004507163138e+19 4.937918795186295e+37 
8.57509e+13 2.11464e+32 1.324209443265558e+19 5.104132182237319e+37 
8.86457e+13 2.36065e+32 1.352338870814898e+19 5.275940230419357e+37 
9.16390e+13 2.63351e+32 1.382512794094917e+19 5.453533706204237e+37 
9.47340e+13 2.93593e+32 1.414855320883147e+19 5.637104753298958e+37 
9.79344e+13 3.27088e+32 1.449498192534274e+19 5.826852810029715e+37 
1.01244e+14 3.64163e+32 1.486579572300663e+19 6.022989622624252e+37 
1.04666e+14 4.05174e+32 1.526244358317747e+19 6.225727463984243e+37 
1.08205e+14 4.50510e+32 1.568645352347915e+19 6.435291590903768e+37 
1.11866e+14 5.00596e+32 1.613942245142315e+19 6.651908928229363e+37 
1.15651e+14 5.55899e+32 1.662302803193647e+19 6.875816981403404e+37 
1.19566e+14 6.16928e+32 1.713903524979090e+19 7.107261645614450e+37 
1.23615e+14 6.84237e+32 1.768928896413728e+19 7.346497191430940e+37 
1.27803e+14 7.58434e+32 1.827572959181567e+19 7.593787614613615e+37 
1.32134e+14 8.40181e+32 1.890038090667111e+19 7.849399804238939e+37 
1.36615e+14 9.30202e+32 1.956538007859723e+19 8.113617317650772e+37 
1.41250e+14 1.02928e+33 2.027294162729996e+19 8.386727287176445e+37 
1.46046e+14 1.13829e+33 2.102541189876539e+19 8.669031493399824e+37 
1.51006e+14 1.25816e+33 2.182522584610986e+19 8.960836879988171e+37 
1.56139e+14 1.38991e+33 2.267494600172814e+19 9.262466730764128e+37 
1.61449e+14 1.53467e+33 2.357724299774863e+19 9.574248378007787e+37 
1.66944e+14 1.69365e+33 2.453491490057103e+19 9.896523992725762e+37 
1.72630e+14 1.86817e+33 2.555089263950410e+19 1.022964534938864e+38 
1.78515e+14 2.05970e+33 2.662826503360333e+19 1.057399222885629e+38 
1.84605e+14 2.26978e+33 2.777016616921555e+19 1.092991584807292e+38 
1.90908e+14 2.50017e+33 2.898003616591346e+19 1.129782922239712e+38 
1.97432e+14 2.75271e+33 3.026128770048505e+19 1.167812827870104e+38 
2.04186e+14 3.02945e+33 3.161759725445772e+19 1.207120577153909e+38 
2.11178e+14 3.33262e+33 3.305285598279065e+19 1.247754352178136e+38 
2.18418e+14 3.66463e+33 3.457095223944281e+19 1.289754148219277e+38 
2.25914e+14 4.02823e+33 3.617656861340988e+19 1.333169050243449e+38 
2.33676e+14 4.42029e+33 3.784850103762778e+19 1.378044617499945e+38 
2.41715e+14 4.84164e+33 3.958350094611626e+19 1.424429847269737e+38 
2.50041e+14 5.29831e+33 4.139911493939168e+19 1.472377214269099e+38 
2.58665e+14 5.79450e+33 4.330362234069527e+19 1.521938431022214e+38 
2.67599e+14 6.33436e+33 4.530393121338540e+19 1.573168580774034e+38 
2.76855e+14 6.92225e+33 4.740645472204194e+19 1.626122546332708e+38 
2.86445e+14 7.56283e+33 4.961753110663610e+19 1.680859444480227e+38 
2.96383e+14 8.26118e+33 5.194359148168847e+19 1.737437739811280e+38 
3.06683e+14 9.02278e+33 5.439122282462546e+19 1.795922230351650e+38 
3.17359e+14 9.85359e+33 5.696710961235319e+19 1.856373971688474e+38 
3.28428e+14 1.07602e+34 5.967839005685378e+19 1.918861210315230e+38 
3.39904e+14 1.17496e+34 6.253225506946116e+19 1.983452055764091e+38 
3.51805e+14 1.28297e+34 6.553630972463161e+19 2.050215874791396e+38 
3.64149e+14 1.40089e+34 6.869841669341439e+19 2.119228109443683e+38 
3.76955e+14 1.52965e+34 7.202678617403257e+19 2.190563209981282e+38 
3.90242e+14 1.67027e+34 7.552986664236391e+19 2.264297893309959e+38 
4.04032e+14 1.82386e+34 7.921661482456275e+19 2.340516727097629e+38 
4.18346e+14 1.99161e+34 8.309611720673323e+19 2.419299200040630e+38 
4.33207e+14 2.17488e+34 8.717807975230279e+19 2.500735564467350e+38 
4.48640e+14 2.37510e+34 9.147226549541244e+19 2.584911880678478e+38 
4.64672e+14 2.59384e+34 9.598899857180659e+19 2.671922842330132e+38 
4.81328e+14 2.83286e+34 1.007388862897689e+20 2.761860992822498e+38 
4.98639e+14 3.09403e+34 1.057329385966309e+20 2.854827634593308e+38 
5.16635e+14 3.37942e+34 1.109824725812271e+20 2.950923194533771e+38 
5.35348e+14 3.69130e+34 1.164991935893736e+20 3.050254648985165e+38 
5.54813e+14 4.03213e+34 1.222950320367526e+20 3.152927564336600e+38 
5.75067e+14 4.40460e+34 1.283825036514415e+20 3.259057298414566e+38 
5.96149e+14 4.81168e+34 1.347741756024423e+20 3.368760806632649e+38 
6.18099e+14 5.25657e+34 1.414830779834485e+20 3.482154848592427e+38 
6.40963e+14 5.74279e+34 1.485225108398761e+20 3.599367769628982e+38 
6.64787e+14 6.27419e+34 1.559059330859098e+20 3.720524849176300e+38 
6.89620e+14 6.85497e+34 1.636471733359114e+20 3.845760880254784e+38 
7.15517e+14 7.48970e+34 1.717602312565389e+20 3.975212288480124e+38 
7.42534e+14 8.18338e+34 1.802591800161248e+20 4.109020436076241e+38 
7.70733e+14 8.94150e+34 1.891585003307161e+20 4.247334562268815e+38 
8.00177e+14 9.76999e+34 1.984724513335400e+20 4.390302172850558e+38 
8.30937e+14 1.06754e+35 2.082157054600625e+20 4.538083828329512e+38 
8.63086e+14 1.16648e+35 2.184025851829874e+20 4.690837776237746e+38 
8.96706e+14 1.27460e+35 2.290478041731549e+20 4.848735702871337e+38 
9.31880e+14 1.39274e+35 2.401657712425240e+20 5.011948546756047e+38 
9.68701e+14 1.52183e+35 2.517706766126096e+20 5.180654176764318e+38 
1.00727e+15 1.66288e+35 2.638767755741808e+20 5.355039411391014e+38 
1.04768e+15 1.81698e+35 2.764980789749727e+20 5.535294968200033e+38 
1.09006e+15 1.98534e+35 2.896479859434352e+20 5.721616672564615e+38 
1.13453e+15 2.16926e+35 3.033398119953357e+20 5.914210813924145e+38 
1.18121e+15 2.37018e+35 3.175864751779160e+20 6.113287318512498e+38 
1.23025e+15 2.58965e+35 3.324004541500863e+20 6.319065312581625e+38 
1.28180e+15 2.82937e+35 3.477934947430726e+20 6.531770065165411e+38 
1.33602e+15 3.09120e+35 3.637767254935517e+20 6.751635350863956e+38 
1.39310e+15 3.37714e+35 3.803611011132361e+20 6.978900476485675e+38 
1.45321e+15 3.68942e+35 3.975561622037114e+20 7.213815444636729e+38 
1.51657e+15 4.03041e+35 4.153712878465438e+20 7.456638605667383e+38 
1.58340e+15 4.40276e+35 4.338144947142231e+20 7.707633322347332e+38 
1.65393e+15 4.80929e+35 4.528934276736919e+20 7.967079103637093e+38 
1.72843e+15 5.25314e+35 4.726145682530018e+20 8.235257199518477e+38 
1.80718e+15 5.73769e+35 4.929835136725021e+20 8.512462619626105e+38 
1.89047e+15 6.26662e+35 5.140046999090722e+20 8.798996173450254e+38 
1.97863e+15 6.84398e+35 5.356819088230891e+20 9.095180820449991e+38 
2.07202e+15 7.47413e+35 5.580174877177777e+20 9.401327881420434e+38 
2.17102e+15 8.16188e+35 5.810129555886673e+20 9.717786221752228e+38 
2.27605e+15 8.91242e+35 6.046689975454749e+20 1.004489712642022e+39 
2.38754e+15 9.73140e+35 6.289840001684060e+20 1.038301141799944e+39 
2.50599e+15 1.06251e+36 6.539577585175400e+20 1.073251339980194e+39 
2.63193e+15 1.16001e+36 6.795859733849065e+20 1.109377839126274e+39 
2.76592e+15 1.26638e+36 7.058661435994868e+20 1.146720483201181e+39 
2.90858e+15 1.38243e+36 7.327925270896289e+20 1.185319941631647e+39 
3.06059e+15 1.50901e+36 7.603593599575799e+20 1.225218596503661e+39 
3.22266e+15 1.64709e+36 7.885605242197914e+20 1.266460451106873e+39 
3.39559e+15 1.79768e+36 8.173878371876243e+20 1.309090587045636e+39 
3.58023e+15 1.96192e+36 8.468323745387704e+20 1.353155364922861e+39 
3.77751e+15 2.14102e+36 8.768857861724134e+20 1.398703959201832e+39 
3.98843e+15 2.33633e+36 9.075372817350479e+20 1.445785358514164e+39 
4.21410e+15 2.54928e+36 9.387763191719231e+20 1.494452149918832e+39 
