500
1.65902e+08 3.40613e+25 9.999999999999999e-01 9.996385987091984e+31 
1.71488e+08 3.56212e+25 9.245161600444634e+15 1.033289686574715e+32 
1.77263e+08 3.72518e+25 1.859432459273198e+16 1.068074503633760e+32 
1.83231e+08 3.89568e+25 2.805233337871331e+16 1.104029442521764e+32 
1.89401e+08 4.07387e+25 3.761447780897270e+16 1.141194480180222e+32 
1.95778e+08 4.26002e+25 4.727835357913420e+16 1.179611124725706e+32 
2.02371e+08 4.45466e+25 5.705367065429026e+16 1.219321614059439e+32 
2.09185e+08 4.65782e+25 6.692489504885958e+16 1.260368809649060e+32 
2.16229e+08 4.87083e+25 7.693699686241394e+16 1.302796396958886e+32 
2.23509e+08 5.09291e+25 8.703588233970746e+16 1.346653416551394e+32 
2.31036e+08 5.32526e+25 9.725713342002370e+16 1.391986969713603e+32 
2.38815e+08 5.56814e+25 1.075935428698072e+17 1.438845784116494e+32 
2.46857e+08 5.82199e+25 1.180452689253371e+17 1.487282565335347e+32 
2.55169e+08 6.08647e+25 1.285795020232170e+17 1.537349791004730e+32 
2.63761e+08 6.36410e+25 1.392775951853767e+17 1.589102953830914e+32 
2.72643e+08 6.65334e+25 1.500597687794301e+17 1.642597058220858e+32 
2.81823e+08 6.95555e+25 1.609583440357807e+17 1.697892460806075e+32 
2.91313e+08 7.27209e+25 1.720017975035100e+17 1.755050374554767e+32 
3.01123e+08 7.60221e+25 1.831439143914023e+17 1.814131232220757e+32 
3.11262e+08 7.94784e+25 1.944293881445556e+17 1.875201746488859e+32 
3.21743e+08 8.30868e+25 2.058276627847699e+17 1.938326458578683e+32 
3.32578e+08 8.68519e+25 2.173333491975003e+17 2.003578978832222e+32 
3.43777e+08 9.07919e+25 2.289815659840925e+17 2.071025479274295e+32 
3.55353e+08 9.49053e+25 2.407458977548461e+17 2.140743806727640e+32 
3.67319e+08 9.92061e+25 2.526454633386361e+17 2.212808778323254e+32 
3.79688e+08 1.03700e+26 2.646743376977047e+17 2.287299431837988e+32 
3.92474e+08 1.08391e+26 2.768207671505537e+17 2.364298917006241e+32 
4.05690e+08 1.13293e+26 2.891021828016506e+17 2.443889361706119e+32 
4.19351e+08 1.18417e+26 3.015196398254814e+17 2.526159441034861e+32 
4.33473e+08 1.23771e+26 3.140728855319354e+17 2.611198728133125e+32 
4.48070e+08 1.29360e+26 3.267487362896488e+17 2.699100723404575e+32 
4.63158e+08 1.35219e+26 3.396048060115283e+17 2.789962256917039e+32 
4.78755e+08 1.41308e+26 3.525305575149576e+17 2.883881519157102e+32 
4.94877e+08 1.47699e+26 3.656563967842213e+17 2.980964009662300e+32 
5.11542e+08 1.54354e+26 3.788772367405471e+17 3.081314858696743e+32 
5.28768e+08 1.61319e+26 3.922630092935629e+17 3.185041100050359e+32 
5.46575e+08 1.68599e+26 4.058000505947305e+17 3.292262364146192e+32 
5.64981e+08 1.76182e+26 4.194397446088826e+17 3.403090784490048e+32 
5.84007e+08 1.84131e+26 4.332721239178650e+17 3.517651143357082e+32 
6.03674e+08 1.92411e+26 4.472109790234759e+17 3.636067671551589e+32 
6.24003e+08 2.01071e+26 4.613162241778204e+17 3.758471611444106e+32 
6.45017e+08 2.10125e+26 4.755806751530645e+17 3.884994773072526e+32 
6.66738e+08 2.19583e+26 4.899966870002782e+17 4.015777106834092e+32 
6.89191e+08 2.29437e+26 5.045274714666611e+17 4.150962084968177e+32 
7.12401e+08 2.39749e+26 5.192368663498049e+17 4.290698851245956e+32 
7.36392e+08 2.50538e+26 5.341261892341640e+17 4.435139077003804e+32 
7.61191e+08 2.61784e+26 5.491406432738527e+17 4.584441481753941e+32 
7.86826e+08 2.73526e+26 5.643057811290418e+17 4.738770748636359e+32 
8.13323e+08 2.85792e+26 5.796312375289169e+17 4.898293671255158e+32 
8.40714e+08 2.98620e+26 5.951379167536238e+17 5.063187854988789e+32 
8.69027e+08 3.12027e+26 6.108153515193626e+17 5.233632717334731e+32 
8.98293e+08 3.26010e+26 6.266345301738707e+17 5.409815639786503e+32 
9.28545e+08 3.40618e+26 6.426212564032645e+17 5.591929004884055e+32 
9.59816e+08 3.55873e+26 6.587723439235967e+17 5.780173848691835e+32 
9.92141e+08 3.71776e+26 6.750617554729158e+17 5.974753959308913e+32 
1.02555e+09 3.88479e+26 6.916121169231676e+17 6.175886876023707e+32 
1.06009e+09 4.05831e+26 7.082454292564419e+17 6.383788704582916e+32 
1.09579e+09 4.24005e+26 7.250990439492607e+17 6.598690045419115e+32 
1.13270e+09 4.42936e+26 7.420831697744716e+17 6.820824477153876e+32 
1.17085e+09 4.62767e+26 7.592945298424049e+17 7.050437837582066e+32 
1.21028e+09 4.83423e+26 7.766371776765908e+17 7.287780939475536e+32 
1.25104e+09 5.05018e+26 7.941777433285599e+17 7.533113668811158e+32 
1.29317e+09 5.27593e+26 8.119172405715538e+17 7.786705131536247e+32 
1.33673e+09 5.51106e+26 8.297914154631263e+17 8.048834115673826e+32 
1.38175e+09 5.75733e+26 8.479027352993866e+17 8.319785219336566e+32 
1.42828e+09 6.01393e+26 8.661583426653262e+17 8.599859691065489e+32 
1.47639e+09 6.28191e+26 8.846022708727148e+17 8.889362285934178e+32 
1.52611e+09 6.56253e+26 9.032872072906459e+17 9.188609066582973e+32 
1.57751e+09 6.85482e+26 9.221146990401320e+17 9.497930553479772e+32 
1.63064e+09 7.16004e+26 9.411348262784032e+17 9.817664777019081e+32 
1.68556e+09 7.47815e+26 9.603117606753386e+17 1.014816257003796e+33 
1.74233e+09 7.81123e+26 9.797364101056727e+17 1.048978126913765e+33 
1.80102e+09 8.15905e+26 9.993601881427483e+17 1.084291009183421e+33 
1.86168e+09 8.52229e+26 1.019186116282344e+18 1.120791957344919e+33 
1.92438e+09 8.90135e+26 1.039200886877612e+18 1.158521062462510e+33 
1.98920e+09 9.29707e+26 1.059414655975718e+18 1.197522708575403e+33 
2.05620e+09 9.70953e+26 1.079797159933436e+18 1.237834958139583e+33 
2.12545e+09 1.01410e+27 1.100421792169564e+18 1.279504564107996e+33 
2.19704e+09 1.05920e+27 1.121280643416003e+18 1.322577366532077e+33 
2.27104e+09 1.10617e+27 1.142296077625416e+18 1.367100701248756e+33 
2.34753e+09 1.15528e+27 1.163552751710780e+18 1.413120805116481e+33 
2.42661e+09 1.20655e+27 1.185020319402387e+18 1.460691862380050e+33 
2.50834e+09 1.26011e+27 1.206715238950184e+18 1.509864690084873e+33 
2.59283e+09 1.31593e+27 1.228588893296313e+18 1.560691387355258e+33 
2.68016e+09 1.37427e+27 1.250707263116103e+18 1.613230164976839e+33 
2.77044e+09 1.43499e+27 1.272977335834102e+18 1.667536700588265e+33 
2.86376e+09 1.49872e+27 1.295588186840720e+18 1.723671682005750e+33 
2.96022e+09 1.56511e+27 1.318374377630103e+18 1.781697724684879e+33 
3.05993e+09 1.63425e+27 1.341331239045616e+18 1.841675630497925e+33 
3.16300e+09 1.70667e+27 1.364593189251463e+18 1.903672369721953e+33 
3.26954e+09 1.78204e+27 1.388014658249230e+18 1.967757597975088e+33 
3.37968e+09 1.86082e+27 1.411697868626658e+18 2.033998922831075e+33 
3.49352e+09 1.94312e+27 1.435634394334391e+18 2.102470944250676e+33 
3.61120e+09 2.02882e+27 1.459743622891264e+18 2.173247113087331e+33 
3.73284e+09 2.11858e+27 1.484176452801734e+18 2.246407032040701e+33 
3.85858e+09 2.21201e+27 1.508775863218646e+18 2.322029216667847e+33 
3.98856e+09 2.30972e+27 1.533664389458123e+18 2.400197334803416e+33 
4.12292e+09 2.41157e+27 1.558762721789092e+18 2.480996128579708e+33 
4.26180e+09 2.51780e+27 1.584087732647181e+18 2.564514785784589e+33 
4.40537e+09 2.62884e+27 1.609694994270550e+18 2.650846373604965e+33 
4.55377e+09 2.74475e+27 1.635555024074925e+18 2.740082930882854e+33 
4.70717e+09 2.86575e+27 1.661669074325123e+18 2.832324071434265e+33 
4.86574e+09 2.99191e+27 1.688012172712442e+18 2.927670360737925e+33 
5.02965e+09 3.12332e+27 1.714554460968075e+18 3.026226020918035e+33 
5.19909e+09 3.26084e+27 1.741426891202682e+18 3.128099285301394e+33 
5.37423e+09 3.40444e+27 1.768571380217396e+18 3.233402616842322e+33 
5.55528e+09 3.55389e+27 1.795902240179431e+18 3.342250984872657e+33 
5.74242e+09 3.71036e+27 1.823583280653839e+18 3.454762089483563e+33 
5.93588e+09 3.87331e+27 1.851471656205200e+18 3.571062274414386e+33 
6.13585e+09 4.04341e+27 1.879635127149635e+18 3.691277407822180e+33 
6.34256e+09 4.22089e+27 1.908061315416299e+18 3.815538983876846e+33 
6.55623e+09 4.40621e+27 1.936775773146706e+18 3.943983222836440e+33 
6.77711e+09 4.59961e+27 1.965767278029963e+18 4.076752256586889e+33 
7.00543e+09 4.80101e+27 1.994972283654479e+18 4.213990434989745e+33 
7.24144e+09 5.01182e+27 2.024544496549421e+18 4.355848499338504e+33 
7.48540e+09 5.23117e+27 2.054312528135820e+18 4.502481330467549e+33 
7.73759e+09 5.46024e+27 2.084386964020466e+18 4.654052217607425e+33 
7.99827e+09 5.69978e+27 2.114810068963326e+18 4.810723075531292e+33 
8.26774e+09 5.94891e+27 2.145419712381859e+18 4.972670352814994e+33 
8.54629e+09 6.20897e+27 2.176330767803747e+18 5.140067097860117e+33 
8.83423e+09 6.48040e+27 2.207540640771238e+18 5.313100725641345e+33 
9.13187e+09 6.76366e+27 2.239050347468415e+18 5.491958908396833e+33 
9.43954e+09 7.05935e+27 2.270869172454225e+18 5.676838892412030e+33 
9.75757e+09 7.36710e+27 2.302906888676790e+18 5.867940054700436e+33 
1.00863e+10 7.68990e+27 2.335414959037483e+18 6.065476826056665e+33 
1.04262e+10 8.02528e+27 2.368089773525012e+18 6.269662586257700e+33 
1.07775e+10 8.37471e+27 2.401023253913350e+18 6.480722279225628e+33 
1.11406e+10 8.73966e+27 2.434297257649090e+18 6.698886270038108e+33 
1.15160e+10 9.12083e+27 2.467918422613249e+18 6.924394762925578e+33 
1.19040e+10 9.51792e+27 2.501800773284424e+18 7.157494834817468e+33 
1.23051e+10 9.93229e+27 2.536004887821529e+18 7.398442297356223e+33 
1.27197e+10 1.03647e+28 2.570531138244711e+18 7.647499973186470e+33 
1.31483e+10 1.08158e+28 2.605384094081679e+18 7.904943671341887e+33 
1.35913e+10 1.12861e+28 2.640528591156201e+18 8.171051758876310e+33 
1.40493e+10 1.17763e+28 2.675967424999195e+18 8.446119371178979e+33 
1.45227e+10 1.22888e+28 2.711807795517771e+18 8.730445341953255e+33 
1.50120e+10 1.28213e+28 2.747839532112373e+18 9.024344383315104e+33 
1.55179e+10 1.33786e+28 2.784316403437681e+18 9.328135964709796e+33 
1.60408e+10 1.39586e+28 2.821037533783603e+18 9.642154845696508e+33 
1.65813e+10 1.45636e+28 2.858096696173988e+18 9.966743959726575e+33 
1.71400e+10 1.51949e+28 2.895503916656960e+18 1.030225960806751e+34 
1.77176e+10 1.58533e+28 2.933244878416804e+18 1.064907379313042e+34 
1.83147e+10 1.65404e+28 2.971346554759888e+18 1.100755914577050e+34 
1.89318e+10 1.72555e+28 3.009713091788108e+18 1.137810942909918e+34 
1.95698e+10 1.80027e+28 3.048487686771447e+18 1.176113547146701e+34 
2.02293e+10 1.87797e+28 3.087498201517680e+18 1.215706858358763e+34 
2.09110e+10 1.95925e+28 3.126972784641354e+18 1.256632343501663e+34 
2.16157e+10 2.04380e+28 3.166698390439574e+18 1.298933783704529e+34 
2.23441e+10 2.13201e+28 3.206790352334172e+18 1.342660819494325e+34 
2.30971e+10 2.22404e+28 3.247254772659356e+18 1.387859913997730e+34 
2.38755e+10 2.31997e+28 3.288055931627005e+18 1.434579539874970e+34 
2.46801e+10 2.42007e+28 3.329246135654588e+18 1.482874021901567e+34 
2.55119e+10 2.52420e+28 3.370697923696431e+18 1.532791935238103e+34 
2.63717e+10 2.63285e+28 3.412535451708790e+18 1.584392255158864e+34 
2.72604e+10 2.74629e+28 3.454794284437767e+18 1.637728482681298e+34 
2.81792e+10 2.86424e+28 3.497301184488384e+18 1.692859751716835e+34 
2.91289e+10 2.98737e+28 3.540225042556022e+18 1.749848209891049e+34 
3.01106e+10 3.11569e+28 3.583501897309000e+18 1.808754224703753e+34 
3.11254e+10 3.24953e+28 3.627167471868695e+18 1.869643376291192e+34 
3.21745e+10 3.38885e+28 3.671139131807570e+18 1.932582209079321e+34 
3.32589e+10 3.53427e+28 3.715537986712562e+18 1.997640727531396e+34 
3.43798e+10 3.68593e+28 3.760329775260809e+18 2.064888069044505e+34 
3.55386e+10 3.84400e+28 3.805496457868919e+18 2.134400240442792e+34 
3.67364e+10 4.00844e+28 3.850947979382079e+18 2.206251420042355e+34 
3.79746e+10 4.17992e+28 3.896799746450428e+18 2.280521133196322e+34 
3.92546e+10 4.35861e+28 3.943021397236165e+18 2.357291976355936e+34 
4.05777e+10 4.54465e+28 3.989574380935601e+18 2.436647220780754e+34 
4.19455e+10 4.73887e+28 4.036589063593561e+18 2.518674508127639e+34 
4.33593e+10 4.94118e+28 4.083963616648065e+18 2.603462016513578e+34 
4.48208e+10 5.15222e+28 4.131771961738903e+18 2.691103387750893e+34 
4.63316e+10 5.37151e+28 4.179830590264566e+18 2.781696382192546e+34 
4.78934e+10 5.60026e+28 4.228322704513801e+18 2.875337686771700e+34 
4.95078e+10 5.84030e+28 4.277558070426044e+18 2.972134362599793e+34 
5.11763e+10 6.06777e+28 4.322687678994565e+18 3.072166554551247e+34 
5.29013e+10 6.32126e+28 4.371332361246602e+18 3.175581450222040e+34 
5.46846e+10 6.58906e+28 4.421052839019679e+18 3.282482869202624e+34 
5.65280e+10 6.86810e+28 4.471170814320281e+18 3.392982818946376e+34 
5.84336e+10 7.15968e+28 4.521831927854479e+18 3.507203388037626e+34 
6.04034e+10 7.46269e+28 4.572761993587549e+18 3.625268741238662e+34 
6.24396e+10 7.77847e+28 4.624105551475768e+18 3.747308714601304e+34 
6.45446e+10 8.10761e+28 4.675877169225695e+18 3.873457950527047e+34 
6.67205e+10 8.45057e+28 4.728062629744615e+18 4.003852096180749e+34 
6.89698e+10 8.80744e+28 4.780592317500721e+18 4.138636674033411e+34 
7.12949e+10 9.17846e+28 4.833423227334834e+18 4.277958284587561e+34 
7.36985e+10 9.56620e+28 4.886834580590343e+18 4.421970462957003e+34 
7.61831e+10 9.96892e+28 4.940498146117604e+18 4.570830653170337e+34 
7.87515e+10 1.03887e+29 4.994612294220795e+18 4.724701569733772e+34 
8.14066e+10 1.08261e+29 5.049159729348389e+18 4.883752636807136e+34 
8.41511e+10 1.12814e+29 5.104084692284850e+18 5.048157629650973e+34 
8.69883e+10 1.17553e+29 5.159384318163692e+18 5.218096973188617e+34 
8.99211e+10 1.22482e+29 5.215024319518475e+18 5.393757626246583e+34 
9.29529e+10 1.27624e+29 5.271181830784307e+18 5.575331932126630e+34 
9.60869e+10 1.32976e+29 5.327717956435283e+18 5.763019335513044e+34 
9.93267e+10 1.38547e+29 5.384657067797834e+18 5.957023038059104e+34 
1.02676e+11 1.44333e+29 5.441854182807699e+18 6.157558846390249e+34 
1.06138e+11 1.50377e+29 5.499662178881096e+18 6.364846118324735e+34 
1.09716e+11 1.56655e+29 5.557740098145748e+18 6.579110018250654e+34 
1.13416e+11 1.63189e+29 5.616217180129897e+18 6.800587464175633e+34 
1.17240e+11 1.70007e+29 5.675245852061732e+18 7.029520826239228e+34 
1.21193e+11 1.77088e+29 5.734546571779890e+18 7.266159912866966e+34 
1.25280e+11 1.84454e+29 5.794228153310793e+18 7.510767179488163e+34 
1.29504e+11 1.92125e+29 5.854350370350189e+18 7.763607738164815e+34 
1.33871e+11 2.00117e+29 5.914941444198806e+18 8.024960152440009e+34 
1.38386e+11 2.08412e+29 5.975780727105230e+18 8.295109994679751e+34 
1.43052e+11 2.17057e+29 6.037114198344011e+18 8.574356023587003e+34 
1.47876e+11 2.26048e+29 6.098822976133762e+18 8.863000881762963e+34 
1.52863e+11 2.35409e+29 6.160976570845876e+18 9.161362870065602e+34 
1.58018e+11 2.45161e+29 6.223614166047160e+18 9.469768852642137e+34 
1.63347e+11 2.55278e+29 6.286471596673990e+18 9.788557526075109e+34 
1.68855e+11 2.65831e+29 6.349894968205866e+18 1.011807739616955e+35 
1.74550e+11 2.76786e+29 6.413594713070767e+18 1.045868569969562e+35 
1.80436e+11 2.88188e+29 6.477724602696631e+18 1.081077460339611e+35 
1.86521e+11 3.00056e+29 6.542295625815351e+18 1.117470205880375e+35 
1.92812e+11 3.12408e+29 6.607310627499221e+18 1.155087491638966e+35 
1.99315e+11 3.25239e+29 6.672639686164001e+18 1.193973308230632e+35 
2.06037e+11 3.38574e+29 6.738319743271404e+18 1.234166996200784e+35 
2.12986e+11 3.52469e+29 6.804524477373922e+18 1.275713619535536e+35 
2.20169e+11 3.66920e+29 6.871130164998764e+18 1.318658814911644e+35 
2.27595e+11 3.81893e+29 6.937887702792503e+18 1.363049853744906e+35 
2.35271e+11 3.97530e+29 7.005332707224327e+18 1.408934812139515e+35 
2.43207e+11 4.13737e+29 7.072958108722085e+18 1.456366288349962e+35 
2.51410e+11 4.30620e+29 7.141097380240958e+18 1.505393018599144e+35 
2.59889e+11 4.48149e+29 7.209540990313693e+18 1.556069322759063e+35 
2.68655e+11 4.66389e+29 7.278432533154156e+18 1.608453544782301e+35 
2.77717e+11 4.85354e+29 7.347726352404976e+18 1.662600120194597e+35 
2.87085e+11 5.05062e+29 7.417381321553225e+18 1.718570034217449e+35 
2.96769e+11 5.25559e+29 7.487460857554243e+18 1.776423846737181e+35 
3.06779e+11 5.46824e+29 7.557795662634657e+18 1.836225119950947e+35 
3.17127e+11 5.68933e+29 7.628532048779435e+18 1.898038922989258e+35 
3.27825e+11 5.91932e+29 7.699716118817437e+18 1.961934803043626e+35 
3.38883e+11 6.15856e+29 7.771344034372100e+18 2.027980777238640e+35 
3.50315e+11 6.40634e+29 7.843107781596848e+18 2.096251673564526e+35 
3.62132e+11 6.66461e+29 7.915469394315726e+18 2.166818327068410e+35 
3.74348e+11 6.93231e+29 7.988022208292472e+18 2.239762392667195e+35 
3.86977e+11 7.21064e+29 8.060993629877412e+18 2.315161442531920e+35 
4.00032e+11 7.50003e+29 8.134388522292766e+18 2.393099380455228e+35 
4.13527e+11 7.79986e+29 8.207946366777294e+18 2.473660645261550e+35 
4.27478e+11 8.12477e+29 8.285465120730416e+18 2.556932548434270e+35 
4.41900e+11 8.23523e+29 8.310827607311968e+18 2.643013489174947e+35 
4.56808e+11 8.37736e+29 8.342393024945837e+18 2.731992886552844e+35 
4.72218e+11 8.49802e+29 8.368324281567347e+18 2.823967916947098e+35 
4.88148e+11 8.61835e+29 8.393338919097428e+18 2.919040003895925e+35 
5.04615e+11 8.73882e+29 8.417566914693018e+18 3.017312592580253e+35 
5.21636e+11 8.85416e+29 8.440008704017122e+18 3.118894016608065e+35 
5.39231e+11 8.96513e+29 8.460894999710120e+18 3.223894216516476e+35 
5.57418e+11 9.08190e+29 8.482154098576076e+18 3.332430000436485e+35 
5.76219e+11 9.19938e+29 8.502844465553852e+18 3.444618785383506e+35 
5.95652e+11 9.31981e+29 8.523365861575590e+18 3.560586156778332e+35 
6.15740e+11 9.44311e+29 8.543689896081706e+18 3.680455644743225e+35 
6.36505e+11 9.56567e+29 8.563233683558538e+18 3.804361260569498e+35 
6.57970e+11 9.69234e+29 8.582773391759692e+18 3.932438550338024e+35 
6.80158e+11 9.82690e+29 8.602855601671292e+18 4.064826394795795e+35 
7.03093e+11 9.95666e+29 8.621589701863746e+18 4.201672152027048e+35 
7.26800e+11 1.00991e+30 8.641484883540479e+18 4.343124742851283e+35 
7.51307e+11 1.02382e+30 8.660278857126075e+18 4.489338203183344e+35 
7.76639e+11 1.03882e+30 8.679887493155617e+18 4.640474812754331e+35 
8.02824e+11 1.05389e+30 8.698947073728505e+18 4.796698203875596e+35 
8.29891e+11 1.06971e+30 8.718296736254100e+18 4.958181611671803e+35 
8.57870e+11 1.08595e+30 8.737515108691668e+18 5.125100970728684e+35 
8.86791e+11 1.10276e+30 8.756753590152662e+18 5.297638669540465e+35 
9.16687e+11 1.12034e+30 8.776227701269681e+18 5.475985787630669e+35 
9.47590e+11 1.13833e+30 8.795508728095615e+18 5.660337361379778e+35 
9.79534e+11 1.15709e+30 8.814951583952167e+18 5.850892939190159e+35 
1.01255e+12 1.17712e+30 8.835031202099293e+18 6.047864586378577e+35 
1.04669e+12 1.19713e+30 8.854447738432890e+18 6.251467884814629e+35 
1.08197e+12 1.21814e+30 8.874163287544744e+18 6.461924528213007e+35 
1.11844e+12 1.23975e+30 8.893778728219816e+18 6.679465556839219e+35 
1.15614e+12 1.26226e+30 8.913552093605413e+18 6.904329987837110e+35 
1.19511e+12 1.28616e+30 8.933860759710198e+18 7.136764656305712e+35 
1.23539e+12 1.31065e+30 8.953983422872950e+18 7.377024264399128e+35 
1.27703e+12 1.33659e+30 8.974609983499347e+18 7.625370884614329e+35 
1.32007e+12 1.36293e+30 8.994876343352440e+18 7.882078835309059e+35 
1.36456e+12 1.38998e+30 9.015008252955137e+18 8.147428260806327e+35 
1.41055e+12 1.41931e+30 9.036123799418814e+18 8.421710020920240e+35 
1.45809e+12 1.44854e+30 9.056483317934019e+18 8.705225243371908e+35 
1.50723e+12 1.48005e+30 9.077711021822473e+18 8.998285828760670e+35 
1.55803e+12 1.51278e+30 9.099042877481167e+18 9.301210989217976e+35 
1.61054e+12 1.54605e+30 9.120021571450621e+18 9.614332976454096e+35 
1.66481e+12 1.58106e+30 9.141382508931134e+18 9.937997235264767e+35 
1.72092e+12 1.61782e+30 9.163072320909543e+18 1.027255629176624e+36 
1.77891e+12 1.65602e+30 9.184879609227994e+18 1.061837734444751e+36 
1.83886e+12 1.69567e+30 9.206779378705459e+18 1.097584274406491e+36 
1.90083e+12 1.73702e+30 9.228873334184708e+18 1.134533563099169e+36 
1.96489e+12 1.77994e+30 9.251060000484895e+18 1.172727467330701e+36 
2.03110e+12 1.82459e+30 9.273386116492018e+18 1.212207034279629e+36 
2.09955e+12 1.87103e+30 9.295849744128020e+18 1.253016186295933e+36 
2.17030e+12 1.91936e+30 9.318464562137473e+18 1.295197439095285e+36 
2.24344e+12 1.97044e+30 9.341590102898397e+18 1.338799885263739e+36 
2.31903e+12 2.02306e+30 9.364635460257507e+18 1.383869789609926e+36 
2.39718e+12 2.07749e+30 9.387697392183722e+18 1.430456583093930e+36 
2.47796e+12 2.13521e+30 9.411358287373220e+18 1.478612431143305e+36 
2.56146e+12 2.19416e+30 9.434732695640465e+18 1.528389118487418e+36 
2.64777e+12 2.25664e+30 9.458697368643502e+18 1.579841087616606e+36 
2.73699e+12 2.32085e+30 9.482527578846722e+18 1.633025768535967e+36 
2.82922e+12 2.38811e+30 9.506673696393531e+18 1.687999994994539e+36 
2.92455e+12 2.45855e+30 9.531135906554231e+18 1.744825975305773e+36 
3.02310e+12 2.53123e+30 9.555554066537310e+18 1.803563832955139e+36 
3.12497e+12 2.60664e+30 9.580066703182111e+18 1.864279708832316e+36 
3.23027e+12 2.68582e+30 9.604960653935483e+18 1.927039070954307e+36 
3.33911e+12 2.76807e+30 9.629981032696345e+18 1.991912353252986e+36 
3.45163e+12 2.85433e+30 9.655365892095746e+18 2.058968202842563e+36 
3.56793e+12 2.94300e+30 9.680606283265110e+18 2.128282244255223e+36 
3.68816e+12 3.03615e+30 9.706261072175993e+18 2.199927957605826e+36 
3.81243e+12 3.13320e+30 9.732115000356303e+18 2.273987394261481e+36 
3.94089e+12 3.23419e+30 9.758145809585492e+18 2.350538681243443e+36 
4.07368e+12 3.33931e+30 9.784355056267356e+18 2.429668153233624e+36 
4.21095e+12 3.44772e+30 9.810505106051410e+18 2.511461850999988e+36 
4.35284e+12 3.56136e+30 9.837022967186475e+18 2.596007405359914e+36 
4.49950e+12 3.68067e+30 9.863955647147409e+18 2.683398924988320e+36 
4.65112e+12 3.80389e+30 9.890865596685353e+18 2.773733979212976e+36 
4.80784e+12 3.93206e+30 9.917941580297288e+18 2.867108922717097e+36 
4.96984e+12 4.06549e+30 9.945211900522107e+18 2.963627355110864e+36 
5.13730e+12 4.20413e+30 9.972623499127345e+18 3.063395358226217e+36 
5.31040e+12 4.35007e+30 1.000053725845381e+19 3.166521634187524e+36 
5.48934e+12 4.50025e+30 1.002832526216301e+19 3.273119782670672e+36 
5.67430e+12 4.65808e+30 1.005657695608780e+19 3.383305556305667e+36 
5.86550e+12 4.82100e+30 1.008478937935587e+19 3.497201552392464e+36 
6.06314e+12 4.99191e+30 1.011342072540124e+19 3.614931997629779e+36 
6.26744e+12 5.16889e+30 1.014210290594409e+19 3.736625499548197e+36 
6.47862e+12 5.35387e+30 1.017110312051589e+19 3.862415594558547e+36 
6.69692e+12 5.54682e+30 1.020036751955104e+19 3.992439289061291e+36 
6.92258e+12 5.74678e+30 1.022970578593806e+19 4.126840396834690e+36 
7.15584e+12 5.95686e+30 1.025952545183888e+19 4.265767457113989e+36 
7.39696e+12 6.17411e+30 1.028935656704487e+19 4.409369509960433e+36 
7.64621e+12 6.40219e+30 1.031965289837615e+19 4.557805654342647e+36 
7.90386e+12 6.63802e+30 1.034995912738366e+19 4.711240502918473e+36 
8.17018e+12 6.88570e+30 1.038074946076410e+19 4.869838793910342e+36 
8.44549e+12 7.14374e+30 1.041178189791618e+19 5.033777178546666e+36 
8.73007e+12 7.41180e+30 1.044296875446547e+19 5.203233490113841e+36 
9.02424e+12 7.69285e+30 1.047460094031448e+19 5.378395508986930e+36 
9.32832e+12 7.98626e+30 1.050654759584632e+19 5.559453643410845e+36 
9.64266e+12 8.29142e+30 1.053869016512672e+19 5.746606608652314e+36 
9.96758e+12 8.61261e+30 1.057141767614584e+19 5.940058629544514e+36 
1.03035e+13 8.94673e+30 1.060435391425627e+19 6.140024739831005e+36 
1.06507e+13 9.29581e+30 1.063764182028447e+19 6.346721387118587e+36 
1.10096e+13 9.66202e+30 1.067142457001116e+19 6.560377460078113e+36 
1.13805e+13 1.00450e+31 1.070560101430828e+19 6.781225562239091e+36 
1.17640e+13 1.04469e+31 1.074029592326618e+19 7.009506721911530e+36 
1.21605e+13 1.08671e+31 1.077539262746705e+19 7.245474260272990e+36 
1.25702e+13 1.13083e+31 1.081104418567305e+19 7.489385018737917e+36 
1.29938e+13 1.17719e+31 1.084727253187926e+19 7.741506811372454e+36 
1.34317e+13 1.22584e+31 1.088405950484636e+19 8.002115645546428e+36 
1.38843e+13 1.27699e+31 1.092147677234823e+19 8.271497713024626e+36 
1.43522e+13 1.33088e+31 1.095960678373138e+19 8.549947706589450e+36 
1.48359e+13 1.38746e+31 1.099834028901366e+19 8.837772641296919e+36 
1.53359e+13 1.44724e+31 1.103792418272590e+19 9.135285454886035e+36 
1.58527e+13 1.51024e+31 1.107828411549347e+19 9.442813584221078e+36 
1.63869e+13 1.57673e+31 1.111949006646845e+19 9.760695442533675e+36 
1.69392e+13 1.64694e+31 1.116157985267242e+19 1.008927607272028e+37 
1.75100e+13 1.72136e+31 1.120473892348032e+19 1.042892369714271e+37 
1.81002e+13 1.79996e+31 1.124883683634456e+19 1.078000577431302e+37 
1.87102e+13 1.88342e+31 1.129413372374808e+19 1.114289343331859e+37 
1.93407e+13 1.97208e+31 1.134068359419896e+19 1.151800533968863e+37 
1.99926e+13 2.06608e+31 1.138842708402262e+19 1.190575084120644e+37 
2.06664e+13 2.16618e+31 1.143760775208913e+19 1.230653595898299e+37 
2.13629e+13 2.27284e+31 1.148830282985592e+19 1.272082223653663e+37 
2.20830e+13 2.38632e+31 1.154048168132401e+19 1.314904959227249e+37 
2.28273e+13 2.50754e+31 1.159439673881407e+19 1.359169739525958e+37 
2.35967e+13 2.63709e+31 1.165014100638840e+19 1.404924315028721e+37 
2.43921e+13 2.77550e+31 1.170775513231769e+19 1.452219789904842e+37 
2.52143e+13 2.92380e+31 1.176746795222326e+19 1.501107211433048e+37 
2.60642e+13 3.08280e+31 1.182939997107634e+19 1.551639984326505e+37 
2.69428e+13 3.25337e+31 1.189367209399381e+19 1.603874591969598e+37 
2.78510e+13 3.43667e+31 1.196048502561754e+19 1.657866839282322e+37 
2.87899e+13 3.63376e+31 1.202997843538427e+19 1.713677317448086e+37 
2.97605e+13 3.84589e+31 1.210233776281278e+19 1.771365195232173e+37 
3.07638e+13 4.07454e+31 1.217777967375657e+19 1.830996396762256e+37 
3.18010e+13 4.32116e+31 1.225649914985564e+19 1.892634469297998e+37 
3.28732e+13 4.58747e+31 1.233872296146472e+19 1.956346896471714e+37 
3.39816e+13 4.87526e+31 1.242467825142391e+19 2.022205324709781e+37 
3.51275e+13 5.18656e+31 1.251461937183535e+19 2.090280649981457e+37 
3.63120e+13 5.52361e+31 1.260881963693184e+19 2.160647612666444e+37 
3.75365e+13 5.88881e+31 1.270755059844232e+19 2.233382458277632e+37 
3.88024e+13 6.28485e+31 1.281112028836448e+19 2.308565975723071e+37 
4.01111e+13 6.71466e+31 1.291984727663003e+19 2.386281948466580e+37 
4.14640e+13 7.18145e+31 1.303407172783398e+19 2.466613000378029e+37 
4.28626e+13 7.68882e+31 1.315416351018091e+19 2.549647753463899e+37 
4.43085e+13 8.24060e+31 1.328049762245894e+19 2.635478837264282e+37 
4.58033e+13 8.84117e+31 1.341350553185321e+19 2.724197995974602e+37 
4.73486e+13 9.49513e+31 1.355359798517947e+19 2.815905347658118e+37 
4.89463e+13 1.02078e+32 1.370127504120154e+19 2.910699500902638e+37 
5.05979e+13 1.09849e+32 1.385703637541960e+19 3.008683438003400e+37 
5.23055e+13 1.18328e+32 1.402139770912379e+19 3.109966791933212e+37 
5.40709e+13 1.27583e+32 1.419495400292875e+19 3.214660301620405e+37 
5.58961e+13 1.37694e+32 1.437834512583592e+19 3.322877428591385e+37 
5.77831e+13 1.48741e+32 1.457214190087717e+19 3.434737850689411e+37 
5.97341e+13 1.60821e+32 1.477711034328334e+19 3.550363406479573e+37 
6.17513e+13 1.74037e+32 1.499428391669015e+19 3.669881185309598e+37 
6.38378e+13 1.82602e+32 1.513041769491422e+19 3.793484767279729e+37 
6.59952e+13 1.88837e+32 1.522617701084954e+19 3.921275256082430e+37 
6.82242e+13 2.04637e+32 1.546006228999066e+19 4.053280101329496e+37 
7.05288e+13 2.21562e+32 1.570317618610632e+19 4.189727399165732e+37 
7.29117e+13 2.40017e+32 1.595957097233471e+19 4.330768544063423e+37 
7.53755e+13 2.60145e+32 1.623001284709411e+19 4.476558388104014e+37 
7.79231e+13 2.82099e+32 1.651529693753849e+19 4.627254154065799e+37 
8.05573e+13 3.06048e+32 1.681627173167961e+19 4.783025265333225e+37 
8.32811e+13 3.32176e+32 1.713382417735125e+19 4.944039051288302e+37 
8.60976e+13 3.60683e+32 1.746888642025765e+19 5.110472542349985e+37 
8.90100e+13 3.91788e+32 1.782244218545069e+19 5.282508773572266e+37 
9.20217e+13 4.25730e+32 1.819553119438148e+19 5.460337489674590e+37 
9.51361e+13 4.62769e+32 1.858923861387680e+19 5.644150250464179e+37 
9.83568e+13 5.03191e+32 1.900471766934936e+19 5.834153959090998e+37 
1.01687e+14 5.47304e+32 1.944317003720077e+19 6.030550458198088e+37 
1.05132e+14 5.95450e+32 1.990587596505172e+19 6.233561122513578e+37 
1.08694e+14 6.47995e+32 2.039417194723875e+19 6.443405161610136e+37 
1.12379e+14 7.05346e+32 2.090946940684291e+19 6.660313212453736e+37 
1.16189e+14 7.67941e+32 2.145325307018349e+19 6.884522709683487e+37 
1.20131e+14 8.36261e+32 2.202709091773934e+19 7.116279714145217e+37 
1.24207e+14 9.10832e+32 2.263263194186537e+19 7.355839227253220e+37 
1.28424e+14 9.92226e+32 2.327161451621096e+19 7.603464280039454e+37 
1.32786e+14 1.08107e+33 2.394586331165243e+19 7.859421975192546e+37 
1.37299e+14 1.17805e+33 2.465731697909400e+19 8.123999523836379e+37 
1.41967e+14 1.28390e+33 2.540799643252380e+19 8.397481899497089e+37 
1.46796e+14 1.39944e+33 2.620005164714649e+19 8.680170176286930e+37 
1.51792e+14 1.52557e+33 2.703573666467012e+19 8.972376499696494e+37 
1.56962e+14 1.66326e+33 2.791743739163820e+19 9.274418572823291e+37 
1.62311e+14 1.81356e+33 2.884764299814273e+19 9.586627934334455e+37 
1.67846e+14 1.97764e+33 2.982902170038408e+19 9.909347846025508e+37 
1.73573e+14 2.15677e+33 3.086433335973695e+19 1.024292794871696e+38 
1.79501e+14 2.35228e+33 3.195625451922318e+19 1.058774638937209e+38 
1.85636e+14 2.56514e+33 3.310495973210909e+19 1.094417038529146e+38 
1.91985e+14 2.79032e+33 3.427903918919224e+19 1.131258733905984e+38 
1.98557e+14 3.03207e+33 3.549687482909565e+19 1.169341516619222e+38 
2.05359e+14 3.29337e+33 3.676848796348828e+19 1.208704445444710e+38 
2.12401e+14 3.57667e+33 3.810038263920382e+19 1.249393916947132e+38 
2.19691e+14 3.88447e+33 3.949814876125103e+19 1.291452934846719e+38 
2.27238e+14 4.21934e+33 4.096703469840084e+19 1.334927828079856e+38 
2.35052e+14 4.58411e+33 4.251229525513056e+19 1.379866245345423e+38 
2.43144e+14 4.98180e+33 4.413930600253883e+19 1.426317949971640e+38 
2.51524e+14 5.41570e+33 4.585347868165875e+19 1.474332386627967e+38 
2.60202e+14 5.88945e+33 4.766053105643363e+19 1.523963834857843e+38 
2.69192e+14 6.40698e+33 4.956636190522084e+19 1.575265766904633e+38 
2.78504e+14 6.97261e+33 5.157711149998726e+19 1.628294799075571e+38 
2.88152e+14 7.59108e+33 5.369923320944216e+19 1.683108664587954e+38 
2.98149e+14 8.26758e+33 5.593938989130991e+19 1.739768114332370e+38 
3.08509e+14 9.00780e+33 5.830464911252730e+19 1.798335231238168e+38 
3.19247e+14 9.81796e+33 6.080234380413815e+19 1.858874007536330e+38 
3.30378e+14 1.07049e+34 6.344011240919717e+19 1.921450712151922e+38 
3.41918e+14 1.16761e+34 6.622600623682406e+19 1.986133522858266e+38 
3.53885e+14 1.27398e+34 6.916835749417804e+19 2.052992638888668e+38 
3.66297e+14 1.39049e+34 7.227595269865670e+19 2.122104849253186e+38 
3.79172e+14 1.51813e+34 7.555784525562968e+19 2.193541725599760e+38 
3.92531e+14 1.65799e+34 7.902356760784200e+19 2.267385419624629e+38 
4.06394e+14 1.81123e+34 8.268293528325158e+19 2.343712859863008e+38 
4.20783e+14 1.97916e+34 8.654621308402570e+19 2.422609096864974e+38 
4.35724e+14 2.16320e+34 9.062408531334290e+19 2.504163189157025e+38 
4.51239e+14 2.36491e+34 9.492765035062636e+19 2.588462038333017e+38 
4.67356e+14 2.58596e+34 9.946820090649385e+19 2.675599649972179e+38 
4.84101e+14 2.82824e+34 1.042576204489404e+20 2.765669088689671e+38 
5.01506e+14 3.09378e+34 1.093081547130096e+20 2.858771778640819e+38 
5.19601e+14 3.38480e+34 1.146323637018441e+20 2.955009207085388e+38 
5.38419e+14 3.70375e+34 1.202431359931599e+20 3.054484245382828e+38 
5.57995e+14 4.05329e+34 1.261538825540665e+20 3.157309040118440e+38 
5.78368e+14 4.43634e+34 1.323781676290542e+20 3.263595650066332e+38 
5.99576e+14 4.85610e+34 1.389300280821040e+20 3.373459630928973e+38 
6.21663e+14 5.31606e+34 1.458236884039173e+20 3.487022014716957e+38 
6.44674e+14 5.82002e+34 1.530736509043425e+20 3.604407913409807e+38 
6.68658e+14 6.37216e+34 1.606948366377457e+20 3.725745566378040e+38 
6.93664e+14 6.97704e+34 1.687020405425895e+20 3.851166396053046e+38 
7.19751e+14 7.63964e+34 1.771106108864924e+20 3.980810874147748e+38 
7.46975e+14 8.36542e+34 1.859358361807716e+20 4.114819402137659e+38 
7.75399e+14 9.16030e+34 1.951930372837498e+20 4.253338391370388e+38 
8.05093e+14 1.00308e+35 2.048978420001422e+20 4.396521355003420e+38 
8.36127e+14 1.09840e+35 2.150655006750084e+20 4.544522674223545e+38 
8.68580e+14 1.20277e+35 2.257115810347827e+20 4.697508068143127e+38 
9.02534e+14 1.31703e+35 2.368513302379748e+20 4.855644013236897e+38 
9.38079e+14 1.44210e+35 2.484997400319393e+20 5.019101714414184e+38 
9.75310e+14 1.57900e+35 2.606718009484430e+20 5.188061920909329e+38 
1.01433e+15 1.72883e+35 2.733821523080176e+20 5.362710991135844e+38 
1.05525e+15 1.89278e+35 2.866448556127691e+20 5.543238661490430e+38 
1.09820e+15 2.07216e+35 3.004737015445584e+20 5.729844805051375e+38 
1.14329e+15 2.26842e+35 3.148818971129737e+20 5.922730263065562e+38 
1.19066e+15 2.48310e+35 3.298822580993920e+20 6.122110953029321e+38 
1.24048e+15 2.71791e+35 3.454867462639043e+20 6.328202000532122e+38 
1.29289e+15 2.97470e+35 3.617066569380858e+20 6.541232438370730e+38 
1.34807e+15 3.25550e+35 3.785525243389409e+20 6.761433280348380e+38 
1.40621e+15 3.56252e+35 3.960340501573430e+20 6.989048219978061e+38 
1.46750e+15 3.89814e+35 4.141598765786184e+20 7.224323913922006e+38 
1.53218e+15 4.26501e+35 4.329379027894809e+20 7.467520029928123e+38 
1.60047e+15 4.66596e+35 4.523748861542553e+20 7.718904316657287e+38 
1.67263e+15 5.10412e+35 4.724765237199335e+20 7.978749441623285e+38 
1.74893e+15 5.58288e+35 4.932474172947970e+20 8.247342780070690e+38 
1.82967e+15 6.10591e+35 5.146908352921172e+20 8.524978735759487e+38 
1.91519e+15 6.67725e+35 5.368092545900083e+20 8.811954541719160e+38 
2.00581e+15 7.30126e+35 5.596035137541457e+20 9.108594978329217e+38 
2.10193e+15 7.98272e+35 5.830734325605753e+20 9.415225988487803e+38 
2.20396e+15 8.72681e+35 6.072176876293478e+20 9.732174772974979e+38 
2.31233e+15 9.53915e+35 6.320328480355055e+20 1.005979240056206e+39 
2.42752e+15 1.04259e+36 6.575160227534365e+20 1.039843812383655e+39 
2.55007e+15 1.13938e+36 6.836614885271355e+20 1.074849006633192e+39 
2.68053e+15 1.24499e+36 7.104624584405533e+20 1.111032334674572e+39 
2.81952e+15 1.36023e+36 7.379122236584977e+20 1.148434272411757e+39 
2.96769e+15 1.48595e+36 7.660005623024094e+20 1.187094675070422e+39 
3.12576e+15 1.62307e+36 7.947178767637942e+20 1.227056057270663e+39 
3.29453e+15 1.77261e+36 8.240532439525196e+20 1.268363573198562e+39 
3.47482e+15 1.93567e+36 8.539939199767805e+20 1.311060829442005e+39 
3.66756e+15 2.11343e+36 8.845259401773983e+20 1.355195415058574e+39 
3.87374e+15 2.30718e+36 9.156360926247004e+20 1.400816357353621e+39 
4.09443e+15 2.51831e+36 9.473076618300658e+20 1.447972586403405e+39 
4.33081e+15 2.74834e+36 9.795241014381247e+20 1.496716597988007e+39 
