500
1.65936e+08 3.36337e+25 9.999999999999999e-01 9.998396643913458e+31 
1.71597e+08 3.51948e+25 9.248824370616210e+15 1.033939432167531e+32 
1.77450e+08 3.68231e+25 1.857737201182406e+16 1.069203131758606e+32 
1.83504e+08 3.85336e+25 2.805347999281796e+16 1.105668920853119e+32 
1.89764e+08 4.03164e+25 3.760428224151991e+16 1.143378058156145e+32 
1.96237e+08 4.21839e+25 4.727856007027477e+16 1.182373762301983e+32 
2.02932e+08 4.41339e+25 5.704731121189499e+16 1.222699477864480e+32 
2.09855e+08 4.61752e+25 6.693564485383259e+16 1.264400322806869e+32 
2.17014e+08 4.83083e+25 7.692802247934389e+16 1.307523144377888e+32 
2.24417e+08 5.05412e+25 8.704281793565462e+16 1.352117034887092e+32 
2.32073e+08 5.28723e+25 9.725396602090933e+16 1.398231560224068e+32 
2.39990e+08 5.53156e+25 1.076036079069221e+17 1.445919448891420e+32 
2.48177e+08 5.78650e+25 1.180462493764221e+17 1.495233423415204e+32 
2.56643e+08 6.05315e+25 1.286085701602694e+17 1.546229135077718e+32 
2.65399e+08 6.33185e+25 1.392834619106492e+17 1.598963958442208e+32 
2.74453e+08 6.62345e+25 1.500841529486128e+17 1.653498102888441e+32 
2.83816e+08 6.92884e+25 1.610225278719467e+17 1.709890979913880e+32 
2.93498e+08 7.24709e+25 1.720455605866533e+17 1.768208103674194e+32 
3.03511e+08 7.58018e+25 1.832018418067817e+17 1.828513666617849e+32 
3.13865e+08 7.92812e+25 1.944707975705530e+17 1.890876400466077e+32 
3.24573e+08 8.29316e+25 2.059040001850587e+17 1.955364868178268e+32 
3.35646e+08 8.67360e+25 2.174260882091985e+17 2.022054463440982e+32 
3.47097e+08 9.07172e+25 2.290858738753641e+17 2.091017963162436e+32 
3.58938e+08 9.48768e+25 2.408661586618231e+17 2.162333227001726e+32 
3.71184e+08 9.92287e+25 2.527844084769673e+17 2.236081652628780e+32 
3.83847e+08 1.03776e+26 2.648272086023155e+17 2.312343242138074e+32 
3.96942e+08 1.08530e+26 2.770023069603219e+17 2.391208079221598e+32 
4.10484e+08 1.13505e+26 2.893211737676769e+17 2.472761497676600e+32 
4.24489e+08 1.18691e+26 3.017401605516285e+17 2.557096574654235e+32 
4.38970e+08 1.24131e+26 3.143388444884563e+17 2.644307059022135e+32 
4.53947e+08 1.29807e+26 3.270470447144529e+17 2.734492469603769e+32 
4.69434e+08 1.35730e+26 3.398742420021442e+17 2.827754786212238e+32 
4.85449e+08 1.41942e+26 3.528822400936019e+17 2.924197305573290e+32 
5.02011e+08 1.48418e+26 3.659934195981387e+17 3.023927469305921e+32 
5.19139e+08 1.55187e+26 3.792480288803920e+17 3.127060927429084e+32 
5.36850e+08 1.62285e+26 3.926873410116282e+17 3.233710415409821e+32 
5.55166e+08 1.69675e+26 4.062180171307490e+17 3.343999577477013e+32 
5.74107e+08 1.77417e+26 4.199271869815092e+17 3.458047401753635e+32 
5.93694e+08 1.85494e+26 4.337548823342216e+17 3.575986911458486e+32 
6.13950e+08 1.93957e+26 4.477668039957646e+17 3.697948679401877e+32 
6.34896e+08 2.02785e+26 4.619013430411254e+17 3.824068357835534e+32 
6.56558e+08 2.12010e+26 4.761833623539403e+17 3.954491073515786e+32 
6.78958e+08 2.21652e+26 4.906186944282112e+17 4.089361037686216e+32 
7.02123e+08 2.31728e+26 5.052052304537114e+17 4.228831020228555e+32 
7.26078e+08 2.42295e+26 5.199986957944143e+17 4.373057662301092e+32 
7.50851e+08 2.53308e+26 5.349067706746537e+17 4.522203554739194e+32 
7.76469e+08 2.64791e+26 5.499396051062599e+17 4.676436787339502e+32 
8.02961e+08 2.76821e+26 5.651674713463882e+17 4.835928637306587e+32 
8.30357e+08 2.89395e+26 5.805602383117123e+17 5.000861007640989e+32 
8.58688e+08 3.02504e+26 5.960773853989600e+17 5.171417154173960e+32 
8.87986e+08 3.16245e+26 6.118054448590584e+17 5.347791765640871e+32 
9.18284e+08 3.30565e+26 6.276562713856980e+17 5.530181222981835e+32 
9.49615e+08 3.45540e+26 6.436845191099342e+17 5.718792935587145e+32 
9.82016e+08 3.61252e+26 6.599475427795237e+17 5.913833631628822e+32 
1.01552e+09 3.77603e+26 6.763128620234953e+17 6.115529508627260e+32 
1.05017e+09 3.94654e+26 6.928160628061568e+17 6.324104099434168e+32 
1.08600e+09 4.12577e+26 7.095903603089434e+17 6.539790693265753e+32 
1.12306e+09 4.31182e+26 7.264284159202985e+17 6.762833375804420e+32 
1.16138e+09 4.50689e+26 7.435009416943622e+17 6.993483696507458e+32 
1.20100e+09 4.71078e+26 7.607552632531813e+17 7.232000589513538e+32 
1.24198e+09 4.92360e+26 7.781716710333870e+17 7.478652924230861e+32 
1.28436e+09 5.14600e+26 7.957716020069519e+17 7.733716724847125e+32 
1.32819e+09 5.37841e+26 8.135565892645997e+17 7.997480487929508e+32 
1.37350e+09 5.62128e+26 8.315286109802771e+17 8.270238630095883e+32 
1.42037e+09 5.87509e+26 8.496908847961910e+17 8.552299808930140e+32 
1.46884e+09 6.13977e+26 8.680055275675461e+17 8.843981093746918e+32 
1.51896e+09 6.41668e+26 8.865344675227260e+17 9.145610806451860e+32 
1.57079e+09 6.70586e+26 9.052454039957896e+17 9.457527014348124e+32 
1.62438e+09 7.00819e+26 9.241614797140184e+17 9.780081366213158e+32 
1.67981e+09 7.32409e+26 9.432751134454523e+17 1.011363752020172e+33 
1.73713e+09 7.65314e+26 9.625265903291749e+17 1.045856360209781e+33 
1.79641e+09 7.99803e+26 9.820389933163035e+17 1.081526615823261e+33 
1.85771e+09 8.35829e+26 1.001748884874558e+18 1.118413252421799e+33 
1.92109e+09 8.73340e+26 1.021593646871153e+18 1.156555947498837e+33 
1.98665e+09 9.12631e+26 1.041693633474226e+18 1.196001599395922e+33 
2.05444e+09 9.53633e+26 1.061977421667032e+18 1.236791635736584e+33 
2.12455e+09 9.96458e+26 1.082463652160413e+18 1.278973002001111e+33 
2.19704e+09 1.04122e+27 1.103171245110749e+18 1.322593129987097e+33 
2.27202e+09 1.08798e+27 1.124084308962083e+18 1.367701886998575e+33 
2.34955e+09 1.13683e+27 1.145215780608965e+18 1.414347771259026e+33 
2.42972e+09 1.18781e+27 1.166538502780631e+18 1.462584996470758e+33 
2.51264e+09 1.24107e+27 1.188081537396682e+18 1.512467380050992e+33 
2.59838e+09 1.29672e+27 1.209849531417388e+18 1.564050389665801e+33 
2.68705e+09 1.35485e+27 1.231832479950662e+18 1.617394422766297e+33 
2.77874e+09 1.41543e+27 1.253987713560594e+18 1.672555969749303e+33 
2.87357e+09 1.47888e+27 1.276429567051655e+18 1.729599271872849e+33 
2.97163e+09 1.54503e+27 1.299051002102028e+18 1.788589611227514e+33 
3.07304e+09 1.61409e+27 1.321889909521222e+18 1.849589634694326e+33 
3.17791e+09 1.68641e+27 1.345016189929058e+18 1.912670795760089e+33 
3.28636e+09 1.76174e+27 1.368310553983807e+18 1.977903305949244e+33 
3.39851e+09 1.84034e+27 1.391813716934467e+18 2.045361365603476e+33 
3.51449e+09 1.92269e+27 1.415626401839503e+18 2.115119792212182e+33 
3.63443e+09 2.00851e+27 1.439621953071920e+18 2.187257006158029e+33 
3.75847e+09 2.09825e+27 1.463885260962682e+18 2.261855102646528e+33 
3.88673e+09 2.19178e+27 1.488338845496826e+18 2.338996302966121e+33 
4.01938e+09 2.28940e+27 1.513019609927205e+18 2.418769796713744e+33 
4.15655e+09 2.39168e+27 1.538027056754265e+18 2.501263354372851e+33 
4.29840e+09 2.49820e+27 1.563207635174037e+18 2.586569955094807e+33 
4.44510e+09 2.60931e+27 1.588610065806904e+18 2.674786808138593e+33 
4.59680e+09 2.72578e+27 1.614357383952444e+18 2.766012006196802e+33 
4.75368e+09 2.84700e+27 1.640269158976154e+18 2.860348015893182e+33 
4.91592e+09 2.97372e+27 1.666462356717567e+18 2.957902851895322e+33 
5.08370e+09 3.10596e+27 1.692896833277199e+18 3.058783937018117e+33 
5.25720e+09 3.24417e+27 1.719610899588561e+18 3.163104495236421e+33 
5.43663e+09 3.38828e+27 1.746545005136852e+18 3.270984836554383e+33 
5.62218e+09 3.53876e+27 1.773743221356907e+18 3.382543619009486e+33 
5.81406e+09 3.69571e+27 1.801173327943437e+18 3.497907007680000e+33 
6.01250e+09 3.86013e+27 1.828961005658271e+18 3.617205917860938e+33 
6.21771e+09 4.03118e+27 1.856913907464338e+18 3.740572874381201e+33 
6.42992e+09 4.20972e+27 1.885128232810230e+18 3.868147773982054e+33 
6.64938e+09 4.39670e+27 1.913701020638550e+18 4.000072497962124e+33 
6.87633e+09 4.59146e+27 1.942481068272168e+18 4.136497528081532e+33 
7.11103e+09 4.79484e+27 1.971541911409025e+18 4.277575931563991e+33 
7.35375e+09 5.00717e+27 2.000879851106749e+18 4.423465593051369e+33 
7.60474e+09 5.22889e+27 2.030503415862043e+18 4.574329770280156e+33 
7.86431e+09 5.45982e+27 2.060339861738633e+18 4.730340315766706e+33 
8.13274e+09 5.70162e+27 2.090548449026317e+18 4.891672394698065e+33 
8.41033e+09 5.95339e+27 2.120965066286528e+18 5.058505383869121e+33 
8.69740e+09 6.21642e+27 2.151692760297505e+18 5.231027777406763e+33 
8.99428e+09 6.49046e+27 2.182649355259893e+18 5.409436097121001e+33 
9.30128e+09 6.77668e+27 2.213915491808506e+18 5.593928392672343e+33 
9.61877e+09 7.07640e+27 2.245573872987917e+18 5.784712965400127e+33 
9.94710e+09 7.38838e+27 2.277439983055445e+18 5.982003991900287e+33 
1.02866e+10 7.71410e+27 2.309611506787770e+18 6.186023924267357e+33 
1.06378e+10 8.05327e+27 2.342005270459706e+18 6.397002688659319e+33 
1.10009e+10 8.40838e+27 2.374801625362764e+18 6.615176216929027e+33 
1.13764e+10 8.77809e+27 2.407819228335644e+18 6.840790775832666e+33 
1.17647e+10 9.16404e+27 2.441148986868244e+18 7.074100681640515e+33 
1.21663e+10 9.56757e+27 2.474845732537426e+18 7.315366520988838e+33 
1.25817e+10 9.98755e+27 2.508759122352323e+18 7.564862190354372e+33 
1.30112e+10 1.04261e+28 2.543003655175907e+18 7.822866863627136e+33 
1.34553e+10 1.08838e+28 2.577562213805118e+18 8.089671299386853e+33 
1.39146e+10 1.13614e+28 2.612433964085000e+18 8.365573190501366e+33 
1.43896e+10 1.18604e+28 2.647663004138685e+18 8.650887305511772e+33 
1.48809e+10 1.23794e+28 2.683091291009362e+18 8.945931885520771e+33 
1.53889e+10 1.29219e+28 2.718904322601359e+18 9.251038193286300e+33 
1.59142e+10 1.34884e+28 2.755072651579476e+18 9.566550780392727e+33 
1.64575e+10 1.40777e+28 2.791445960470625e+18 9.892823967145698e+33 
1.70193e+10 1.46949e+28 2.828286086997065e+18 1.023022462714172e+34 
1.76004e+10 1.53361e+28 2.865296482361540e+18 1.057913192819801e+34 
1.82012e+10 1.60074e+28 2.902761225452526e+18 1.093994017368201e+34 
1.88226e+10 1.67048e+28 2.940403752551197e+18 1.131306055844235e+34 
1.94652e+10 1.74351e+28 2.978515207489330e+18 1.169888920187070e+34 
2.01298e+10 1.81964e+28 3.016934345053533e+18 1.209789591363941e+34 
2.08170e+10 1.89879e+28 3.055556733768705e+18 1.251050628225820e+34 
2.15277e+10 1.98171e+28 3.094683239459526e+18 1.293716871132243e+34 
2.22627e+10 2.06791e+28 3.134017725107630e+18 1.337840866582891e+34 
2.30228e+10 2.15789e+28 3.173716179102657e+18 1.383469605286517e+34 
2.38088e+10 2.25176e+28 3.213765982470548e+18 1.430652260889075e+34 
2.46218e+10 2.34971e+28 3.254176402515296e+18 1.479447215038845e+34 
2.54624e+10 2.45179e+28 3.294900090204288e+18 1.529904082992356e+34 
2.63318e+10 2.55829e+28 3.335982799573948e+18 1.582082192340047e+34 
2.72308e+10 2.66924e+28 3.377368914173760e+18 1.636040324267439e+34 
2.81606e+10 2.78508e+28 3.419151237870068e+18 1.691838363008018e+34 
2.91221e+10 2.90572e+28 3.461228115913888e+18 1.749540129407575e+34 
3.01165e+10 3.03174e+28 3.503729518341825e+18 1.809209438475889e+34 
3.11448e+10 3.16280e+28 3.546472905876427e+18 1.870912909427163e+34 
3.22082e+10 3.29978e+28 3.589670039095733e+18 1.934721364923646e+34 
3.33080e+10 3.44264e+28 3.633234732354993e+18 2.000707818737189e+34 
3.44453e+10 3.59101e+28 3.676985017894955e+18 2.068942694172243e+34 
3.56215e+10 3.74634e+28 3.721272202040730e+18 2.139505743820118e+34 
3.68378e+10 3.90780e+28 3.765790902122379e+18 2.212474864181251e+34 
3.80957e+10 4.07633e+28 3.810721544557710e+18 2.287931965564397e+34 
3.93966e+10 4.25198e+28 3.856004057209465e+18 2.365963764187247e+34 
4.07419e+10 4.43521e+28 3.901680361635610e+18 2.446656593866516e+34 
4.21331e+10 4.62627e+28 3.947734604899861e+18 2.530101895680501e+34 
4.35719e+10 4.82464e+28 3.993973570761071e+18 2.616392353295843e+34 
4.50598e+10 5.03237e+28 4.040793097097122e+18 2.705626068873556e+34 
4.65985e+10 5.24868e+28 4.087937741087200e+18 2.797903976373773e+34 
4.81898e+10 5.47395e+28 4.135411572596795e+18 2.893327436261657e+34 
4.98355e+10 5.70821e+28 4.183150418383578e+18 2.992007648069439e+34 
5.15374e+10 5.95301e+28 4.231390299465157e+18 3.094052187443168e+34 
5.32974e+10 6.20826e+28 4.280026734239189e+18 3.199576195816798e+34 
5.51176e+10 6.47368e+28 4.328930068652830e+18 3.308701223569920e+34 
5.69999e+10 6.75037e+28 4.378226517553009e+18 3.421545355728274e+34 
5.89465e+10 7.03901e+28 4.427952823407782e+18 3.538239913608333e+34 
6.09597e+10 7.33946e+28 4.478002673662983e+18 3.658914793340772e+34 
6.30416e+10 7.65275e+28 4.528469548646017e+18 3.783704469386343e+34 
6.51947e+10 7.97828e+28 4.579175071555653e+18 3.912751567693854e+34 
6.74213e+10 8.31885e+28 4.630469373399819e+18 4.046197326677743e+34 
6.97239e+10 8.67262e+28 4.681992532457490e+18 4.184196128170960e+34 
7.21053e+10 9.04189e+28 4.733997698067874e+18 4.326902093092948e+34 
7.45680e+10 9.42584e+28 4.786282299397343e+18 4.474473290296908e+34 
7.71149e+10 9.82615e+28 4.838994522221664e+18 4.627079745543898e+34 
7.97487e+10 1.02432e+29 4.892096056669052e+18 4.784888788709353e+34 
8.24726e+10 1.06768e+29 4.945477145500690e+18 4.948081618125274e+34 
8.52895e+10 1.11287e+29 4.999281981076294e+18 5.116839484060250e+34 
8.82027e+10 1.16004e+29 5.053580281222407e+18 5.291352229505430e+34 
9.12154e+10 1.20903e+29 5.108115499092281e+18 5.471818438059420e+34 
9.43310e+10 1.26011e+29 5.163099038330149e+18 5.658439543487667e+34 
9.75532e+10 1.31330e+29 5.218460223396570e+18 5.851424600848981e+34 
1.00885e+11 1.36874e+29 5.274257327701389e+18 6.050991220431183e+34 
1.04331e+11 1.42637e+29 5.330342810562681e+18 6.257365926667959e+34 
1.07895e+11 1.48636e+29 5.386795618571253e+18 6.470777686628679e+34 
1.11581e+11 1.54898e+29 5.443770100145285e+18 6.691468972848696e+34 
1.15392e+11 1.61407e+29 5.501042720129425e+18 6.919685778000150e+34 
1.19334e+11 1.68170e+29 5.558578364297983e+18 7.155687791158325e+34 
1.23411e+11 1.75226e+29 5.616630276943133e+18 7.399738738014818e+34 
1.27627e+11 1.82575e+29 5.675087434715416e+18 7.652111963356252e+34 
1.31986e+11 1.90200e+29 5.733745772450371e+18 7.913093770601753e+34 
1.36495e+11 1.98173e+29 5.793046938362416e+18 8.182976100258641e+34 
1.41158e+11 2.06445e+29 5.852539773887433e+18 8.462062873788097e+34 
1.45981e+11 2.15067e+29 5.912497020545932e+18 8.750668174171075e+34 
1.50968e+11 2.24023e+29 5.972725718841036e+18 9.049117529081151e+34 
1.56125e+11 2.33363e+29 6.033459247679179e+18 9.357744585655670e+34 
1.61459e+11 2.43051e+29 6.094374225823131e+18 9.676898302504709e+34 
1.66975e+11 2.53178e+29 6.155942900595827e+18 1.000693654575543e+35 
1.72680e+11 2.63689e+29 6.217733053094048e+18 1.034822939249784e+35 
1.78579e+11 2.74598e+29 6.279747556033970e+18 1.070116939738809e+35 
1.84681e+11 2.85990e+29 6.342363514020943e+18 1.106614397212812e+35 
1.90990e+11 2.97819e+29 6.405235346635210e+18 1.144355668777194e+35 
1.97516e+11 3.10119e+29 6.468452577677437e+18 1.183384984958944e+35 
2.04264e+11 3.22948e+29 6.532204508557856e+18 1.223745139136287e+35 
2.11243e+11 3.36268e+29 6.596208743640756e+18 1.265482715261717e+35 
2.18461e+11 3.50134e+29 6.660640188497819e+18 1.308642015400078e+35 
2.25925e+11 3.64517e+29 6.725258604214485e+18 1.353275621978262e+35 
2.33645e+11 3.79513e+29 6.790408001522427e+18 1.399429674920807e+35 
2.41628e+11 3.95074e+29 6.855778738007215e+18 1.447158825169358e+35 
2.49885e+11 4.11319e+29 6.921765881897112e+18 1.496515727072379e+35 
2.58423e+11 4.28172e+29 6.987959253858404e+18 1.547554465450637e+35 
2.67253e+11 4.45641e+29 7.054302925706144e+18 1.600336079132645e+35 
2.76385e+11 4.63869e+29 7.121245185922276e+18 1.654916821087728e+35 
2.85830e+11 4.82800e+29 7.188469539532090e+18 1.711358568241211e+35 
2.95597e+11 5.02457e+29 7.255961566887858e+18 1.769727066260953e+35 
3.05698e+11 5.22900e+29 7.323837022555547e+18 1.830084404424377e+35 
3.16144e+11 5.44170e+29 7.392120040110588e+18 1.892501294401932e+35 
3.26948e+11 5.66352e+29 7.460991278914651e+18 1.957047912414531e+35 
3.38117e+11 5.86918e+29 7.522729034932703e+18 2.023770135434002e+35 
3.49669e+11 6.09345e+29 7.587812387520562e+18 2.092779048355549e+35 
3.61618e+11 6.33921e+29 7.656783057412359e+18 2.164154516362816e+35 
3.73976e+11 6.59449e+29 7.726061555383738e+18 2.237965784949793e+35 
3.86756e+11 6.86012e+29 7.795763144198528e+18 2.314292845670020e+35 
3.99973e+11 7.13649e+29 7.865890238958177e+18 2.393224811863901e+35 
4.13642e+11 7.42231e+29 7.936014013915133e+18 2.474847444981672e+35 
4.27779e+11 7.71985e+29 8.006601854892880e+18 2.559255395487343e+35 
4.42399e+11 8.02831e+29 8.077356055086191e+18 2.646541098516740e+35 
4.57518e+11 8.37047e+29 8.157416868598115e+18 2.736790677564766e+35 
4.73155e+11 8.39358e+29 8.162373313429972e+18 2.830136402477473e+35 
4.89325e+11 8.54500e+29 8.193223142252927e+18 2.926668156449070e+35 
5.06048e+11 8.68139e+29 8.220587756223978e+18 3.026490174680201e+35 
5.23341e+11 8.80870e+29 8.245281733520497e+18 3.129718620453949e+35 
5.41225e+11 8.93783e+29 8.269499096167446e+18 3.236465917099228e+35 
5.59719e+11 9.07004e+29 8.293479169193324e+18 3.346855503452103e+35 
5.78845e+11 9.19609e+29 8.315585910808138e+18 3.461009224620942e+35 
5.98623e+11 9.33033e+29 8.338348326517664e+18 3.579057478812875e+35 
6.19077e+11 9.46595e+29 8.360588975061956e+18 3.701132390941547e+35 
6.40228e+11 9.60026e+29 8.381885874658999e+18 3.827368809731125e+35 
6.62102e+11 9.74359e+29 8.403864965193922e+18 3.957912086202530e+35 
6.84722e+11 9.88464e+29 8.424778761029431e+18 4.092907114259392e+35 
7.08114e+11 1.00358e+30 8.446455707394385e+18 4.232507276132680e+35 
7.32304e+11 1.01881e+30 8.467570313005016e+18 4.376868016810557e+35 
7.57320e+11 1.03427e+30 8.488295196715387e+18 4.526152677608955e+35 
7.83190e+11 1.05110e+30 8.510113704504568e+18 4.680529400475268e+35 
8.09943e+11 1.06767e+30 8.530892855728838e+18 4.840170072981908e+35 
8.37609e+11 1.08475e+30 8.551589404992942e+18 5.005256225700470e+35 
8.66219e+11 1.10351e+30 8.573579859765137e+18 5.175972301723185e+35 
8.95806e+11 1.12174e+30 8.594252043403501e+18 5.352511721689340e+35 
9.26402e+11 1.14187e+30 8.616314696581083e+18 5.535071564267588e+35 
9.58043e+11 1.16151e+30 8.637134244104440e+18 5.723858100758622e+35 
9.90764e+11 1.18301e+30 8.659170719838722e+18 5.919082580240241e+35 
1.02460e+12 1.20420e+30 8.680173715213664e+18 6.120966394440282e+35 
1.05959e+12 1.22743e+30 8.702432917891574e+18 6.329736054892153e+35 
1.09578e+12 1.25094e+30 8.724229758441798e+18 6.545625303276674e+35 
1.13320e+12 1.27527e+30 8.746033745877471e+18 6.768877059207031e+35 
1.17190e+12 1.30108e+30 8.768394219122850e+18 6.999743940937108e+35 
1.21192e+12 1.32782e+30 8.790809263549501e+18 7.238484878603509e+35 
1.25331e+12 1.35554e+30 8.813270339222042e+18 7.485367897920221e+35 
1.29611e+12 1.38462e+30 8.836055702228611e+18 7.740671060243438e+35 
1.34037e+12 1.41479e+30 8.858919302846078e+18 8.004682379736346e+35 
1.38614e+12 1.44603e+30 8.881808054432520e+18 8.277696773462485e+35 
1.43347e+12 1.47911e+30 8.905247207990427e+18 8.560023453964139e+35 
1.48242e+12 1.51349e+30 8.928804398786297e+18 8.851979316190402e+35 
1.53303e+12 1.54927e+30 8.952507694388693e+18 9.153891714318448e+35 
1.58538e+12 1.58552e+30 8.975736114596516e+18 9.466101390832572e+35 
1.63951e+12 1.62519e+30 9.000311815005852e+18 9.788959704358664e+35 
1.69549e+12 1.66577e+30 9.024621958214833e+18 1.012283001456604e+36 
1.75339e+12 1.70787e+30 9.049009658675823e+18 1.046808101231529e+36 
1.81325e+12 1.75168e+30 9.073550069900132e+18 1.082511448514728e+36 
1.87517e+12 1.79800e+30 9.098640284343542e+18 1.119433322733572e+36 
1.93919e+12 1.84598e+30 9.123773801218205e+18 1.157612258281113e+36 
2.00540e+12 1.89644e+30 9.149333594471918e+18 1.197095029121356e+36 
2.07387e+12 1.94851e+30 9.174839843337222e+18 1.237923330118167e+36 
2.14468e+12 2.00318e+30 9.200730898269475e+18 1.280144675244781e+36 
2.21790e+12 2.06056e+30 9.227011587301057e+18 1.323806107952369e+36 
2.29363e+12 2.11962e+30 9.253169832327932e+18 1.368956727632108e+36 
2.37194e+12 2.18223e+30 9.279983317425986e+18 1.415646799098365e+36 
2.45292e+12 2.24646e+30 9.306580513721238e+18 1.463930106332147e+36 
2.53667e+12 2.31448e+30 9.333821573805718e+18 1.513859465305095e+36 
2.62327e+12 2.38533e+30 9.361255569460347e+18 1.565491726364329e+36 
2.71283e+12 2.45922e+30 9.388924188982530e+18 1.618884705028265e+36 
2.80545e+12 2.53620e+30 9.416799616946371e+18 1.674099509399264e+36 
2.90123e+12 2.61641e+30 9.444881912009548e+18 1.731196662602245e+36 
3.00029e+12 2.69998e+30 9.473177440564867e+18 1.790242053252156e+36 
3.10272e+12 2.78804e+30 9.502009244610843e+18 1.851300462252131e+36 
3.20865e+12 2.87915e+30 9.530855650420474e+18 1.914441188216911e+36 
3.31820e+12 2.97473e+30 9.560115327383339e+18 1.979736123558520e+36 
3.43148e+12 3.07390e+30 9.589472163130604e+18 2.047257544580192e+36 
3.54864e+12 3.17791e+30 9.619247990184032e+18 2.117081653922693e+36 
3.66979e+12 3.28642e+30 9.649284432560032e+18 2.189286710305894e+36 
3.79508e+12 3.39900e+30 9.679418070675223e+18 2.263955979729338e+36 
3.92464e+12 3.51723e+30 9.710022062562697e+18 2.341170377475156e+36 
4.05864e+12 3.64059e+30 9.740897293675059e+18 2.421018897166817e+36 
4.19720e+12 3.76807e+30 9.771751156498012e+18 2.503591494217578e+36 
4.34050e+12 3.90190e+30 9.803073039750830e+18 2.588978705305628e+36 
4.48869e+12 4.04142e+30 9.834646530166391e+18 2.677279281003876e+36 
4.64193e+12 4.18698e+30 9.866500545328316e+18 2.768590621740847e+36 
4.80041e+12 4.33952e+30 9.898780943054408e+18 2.863016898711133e+36 
4.96431e+12 4.49737e+30 9.931081178907279e+18 2.960663844430134e+36 
5.13379e+12 4.66175e+30 9.963607263693386e+18 3.061640500300418e+36 
5.30907e+12 4.83444e+30 9.996650763562398e+18 3.166061072269884e+36 
5.49032e+12 5.01364e+30 1.002980558249413e+19 3.274043259718525e+36 
5.67777e+12 5.20032e+30 1.006320435391093e+19 3.385707220211755e+36 
5.87162e+12 5.39550e+30 1.009697145549085e+19 3.501180602397340e+36 
6.07209e+12 5.59848e+30 1.013092865968643e+19 3.620592306086346e+36 
6.27940e+12 5.81031e+30 1.016519769341850e+19 3.744077513338271e+36 
6.49379e+12 6.03053e+30 1.019964553973682e+19 3.871773292798031e+36 
6.71550e+12 6.26056e+30 1.023444084430963e+19 4.003823414377871e+36 
6.94478e+12 6.50025e+30 1.026949906011537e+19 4.140378379691952e+36 
7.18189e+12 6.74990e+30 1.030481003443624e+19 4.281590102641903e+36 
7.42710e+12 7.01008e+30 1.034039319487218e+19 4.427617873167573e+36 
7.68068e+12 7.28160e+30 1.037630297263489e+19 4.578626978564953e+36 
7.94292e+12 7.56348e+30 1.041235205389645e+19 4.734785783631718e+36 
8.21411e+12 7.85771e+30 1.044873609575003e+19 4.896269902515078e+36 
8.49456e+12 8.16462e+30 1.048543662102853e+19 5.063262009473226e+36 
8.78459e+12 8.48417e+30 1.052238797669586e+19 5.235949826183903e+36 
9.08453e+12 8.81710e+30 1.055961297808297e+19 5.414526994361598e+36 
9.39471e+12 9.16529e+30 1.059725936940741e+19 5.599194981746232e+36 
9.71548e+12 9.52676e+30 1.063505045581929e+19 5.790161529743330e+36 
1.00472e+13 9.90327e+30 1.067311540553015e+19 5.987640180087973e+36 
1.03903e+13 1.02972e+31 1.071162987503496e+19 6.191853609247837e+36 
1.07450e+13 1.07076e+31 1.075041920942508e+19 6.403033709955421e+36 
1.11119e+13 1.11343e+31 1.078942836894907e+19 6.621414498966648e+36 
1.14913e+13 1.15806e+31 1.082887249209129e+19 6.847244837072840e+36 
1.18837e+13 1.20459e+31 1.086864127874714e+19 7.080775326364538e+36 
1.22895e+13 1.25312e+31 1.090875667862287e+19 7.322272361439564e+36 
1.27091e+13 1.30377e+31 1.094922848679722e+19 7.572005506148004e+36 
1.31430e+13 1.35663e+31 1.099008130791839e+19 7.830255964937205e+36 
1.35918e+13 1.41197e+31 1.103143376364789e+19 8.097313426105559e+36 
1.40559e+13 1.46961e+31 1.107308645560981e+19 8.373480088452199e+36 
1.45359e+13 1.52999e+31 1.111527454014778e+19 8.659064659564593e+36 
1.50323e+13 1.59296e+31 1.115781945880499e+19 8.954390393346715e+36 
1.55456e+13 1.65896e+31 1.120094341315883e+19 9.259787507446287e+36 
1.60764e+13 1.72803e+31 1.124457391231425e+19 9.575601435394738e+36 
1.66254e+13 1.80050e+31 1.128884524071145e+19 9.902185828715764e+36 
1.71931e+13 1.87625e+31 1.133359718974461e+19 1.023990885338710e+37 
1.77802e+13 1.95567e+31 1.137896178102281e+19 1.058914397963394e+37 
1.83874e+13 2.03916e+31 1.142507302273317e+19 1.095030204624159e+37 
1.90153e+13 2.12676e+31 1.147186258507814e+19 1.132377493645424e+37 
1.96646e+13 2.21884e+31 1.151941532886932e+19 1.170997620859025e+37 
2.03362e+13 2.31565e+31 1.156775765818038e+19 1.210935865009573e+37 
2.10307e+13 2.41752e+31 1.161694961230412e+19 1.252236258435963e+37 
2.17488e+13 2.52502e+31 1.166714604998395e+19 1.294943967476604e+37 
2.24916e+13 2.63835e+31 1.171831603575778e+19 1.339109577899003e+37 
2.32597e+13 2.75799e+31 1.177055116601470e+19 1.384781176785612e+37 
2.40541e+13 2.88457e+31 1.182398490197066e+19 1.432010001119717e+37 
2.48756e+13 3.01837e+31 1.187860391469871e+19 1.480850324940644e+37 
2.57251e+13 3.16025e+31 1.193460732483741e+19 1.531355347226328e+37 
2.66038e+13 3.31067e+31 1.199202016259230e+19 1.583584438015983e+37 
2.75124e+13 3.47037e+31 1.205096018402930e+19 1.637592492417323e+37 
2.84521e+13 3.64027e+31 1.211159214734607e+19 1.693444413426632e+37 
2.94239e+13 3.82114e+31 1.217400506858901e+19 1.751200827668326e+37 
3.04289e+13 4.01403e+31 1.223836733533923e+19 1.810927056591860e+37 
3.14683e+13 4.21986e+31 1.230477723849004e+19 1.872691130829868e+37 
3.25431e+13 4.43983e+31 1.237340204286921e+19 1.936560513666376e+37 
3.36548e+13 4.67532e+31 1.244444008161796e+19 2.002608503429467e+37 
3.48044e+13 4.92775e+31 1.251807032586462e+19 2.070909016687423e+37 
3.59934e+13 5.19858e+31 1.259445517472966e+19 2.141539292841655e+37 
3.72230e+13 5.48956e+31 1.267381081999803e+19 2.214577761209858e+37 
3.84946e+13 5.80268e+31 1.275638154850189e+19 2.290107780760575e+37 
3.98098e+13 6.14006e+31 1.284240393233862e+19 2.368213452429474e+37 
4.11699e+13 6.50395e+31 1.293211816578835e+19 2.448983574462452e+37 
4.25766e+13 6.89700e+31 1.302581445130735e+19 2.532507996141767e+37 
4.40314e+13 7.32205e+31 1.312378735003204e+19 2.618881888573851e+37 
4.55360e+13 7.78225e+31 1.322635287850930e+19 2.708201000937125e+37 
4.70921e+13 8.28113e+31 1.333385581461558e+19 2.800565683290273e+37 
4.87015e+13 8.82253e+31 1.344666409383345e+19 2.896080722154193e+37 
5.03659e+13 9.41077e+31 1.356517105954432e+19 2.994854592219610e+37 
5.20874e+13 1.00505e+32 1.368979189044888e+19 3.096996992968292e+37 
5.38678e+13 1.07473e+32 1.382102561291897e+19 3.202622602402618e+37 
5.57092e+13 1.15068e+32 1.395931565430766e+19 3.311850470451849e+37 
5.76138e+13 1.23353e+32 1.410518826899567e+19 3.424804148821539e+37 
5.95836e+13 1.32404e+32 1.425927262701110e+19 3.541608866443269e+37 
6.16209e+13 1.42301e+32 1.442215470060390e+19 3.662398426021959e+37 
6.37282e+13 1.53131e+32 1.459449302554082e+19 3.787308062197574e+37 
6.59077e+13 1.64997e+32 1.477704002351991e+19 3.916476695340563e+37 
6.81620e+13 1.78020e+32 1.494347691080622e+19 4.050174618171077e+37 
7.04958e+13 1.77625e+32 1.493780548351771e+19 4.188446703362556e+37 
7.29076e+13 1.87998e+32 1.510132589748017e+19 4.331235167946558e+37 
7.54016e+13 2.03040e+32 1.530343809403504e+19 4.478954485340112e+37 
7.79812e+13 2.19527e+32 1.551775754499713e+19 4.631712101659746e+37 
8.06495e+13 2.37586e+32 1.574470132231749e+19 4.789678848394440e+37 
8.34094e+13 2.57376e+32 1.598512546289797e+19 4.953033763680946e+37 
8.62644e+13 2.79071e+32 1.623993374386766e+19 5.121961223986449e+37 
8.92175e+13 3.02864e+32 1.651009896664513e+19 5.296647211947230e+37 
9.22722e+13 3.28967e+32 1.679662493762241e+19 5.477292440218598e+37 
9.54323e+13 3.57615e+32 1.710061640038875e+19 5.664098355287817e+37 
9.87012e+13 3.89066e+32 1.742322348756105e+19 5.857277005618417e+37 
1.02083e+14 4.23603e+32 1.776567380750659e+19 6.057042155361936e+37 
1.05581e+14 4.61539e+32 1.812928301190818e+19 6.263621038409980e+37 
1.09200e+14 5.03219e+32 1.851544408052261e+19 6.477245621965214e+37 
1.12945e+14 5.49022e+32 1.892562288064866e+19 6.698156254131118e+37 
1.16819e+14 5.99367e+32 1.936139246168485e+19 6.926599148282694e+37 
1.20826e+14 6.54713e+32 1.982443071669986e+19 7.162835540717525e+37 
1.24973e+14 7.15567e+32 2.031649675417690e+19 7.407127353949210e+37 
1.29264e+14 7.82489e+32 2.083948041815889e+19 7.659752067763702e+37 
1.33704e+14 8.56093e+32 2.139538203490782e+19 7.920993152148307e+37 
1.38298e+14 9.37056e+32 2.198631533989619e+19 8.191143730201692e+37 
1.43052e+14 1.02612e+33 2.261454311686695e+19 8.470506628123012e+37 
1.47971e+14 1.12412e+33 2.328244644342390e+19 8.759398615397784e+37 
1.53063e+14 1.23194e+33 2.399257595073350e+19 9.058143172819350e+37 
1.58332e+14 1.35059e+33 2.474761345176864e+19 9.367076922435415e+37 
1.63785e+14 1.48117e+33 2.555042241865355e+19 9.686545638874237e+37 
1.69430e+14 1.62487e+33 2.640403651213713e+19 1.001691244749610e+38 
1.75273e+14 1.78303e+33 2.731165481880526e+19 1.035854515659356e+38 
1.81322e+14 1.95712e+33 2.827668840713970e+19 1.071183443526128e+38 
1.87584e+14 2.14873e+33 2.930271817223319e+19 1.107715915488624e+38 
1.94067e+14 2.35966e+33 3.039363838914928e+19 1.145495685506256e+38 
2.00780e+14 2.59089e+33 3.154873466145716e+19 1.184563892026668e+38 
2.07730e+14 2.83917e+33 3.274654827142904e+19 1.224963105925336e+38 
2.14928e+14 3.10922e+33 3.400468029971373e+19 1.266741126092607e+38 
2.22382e+14 3.40440e+33 3.533258095752839e+19 1.309943196777785e+38 
2.30101e+14 3.72784e+33 3.673748046943568e+19 1.354620007774929e+38 
2.38097e+14 4.08280e+33 3.822601443092378e+19 1.400820697378122e+38 
2.46380e+14 4.47275e+33 3.980469611861371e+19 1.448597019042938e+38 
2.54960e+14 4.90150e+33 4.148012846174132e+19 1.498001903479582e+38 
2.63851e+14 5.37320e+33 4.325921855986265e+19 1.549092207012479e+38 
2.73063e+14 5.89241e+33 4.514902196650270e+19 1.601924745451298e+38 
2.82610e+14 6.46413e+33 4.715695925665521e+19 1.656558765279052e+38 
2.92506e+14 7.09387e+33 4.929080147933256e+19 1.713057339859059e+38 
3.02764e+14 7.78764e+33 5.155855706036847e+19 1.771481750485038e+38 
3.13399e+14 8.55215e+33 5.396877893520216e+19 1.831898476173591e+38 
3.24428e+14 9.39469e+33 5.653033675980107e+19 1.894376649006968e+38 
3.35867e+14 1.03233e+34 5.925251018559448e+19 1.958985456805301e+38 
3.47733e+14 1.13469e+34 6.214503026215049e+19 2.025799284984262e+38 
3.60044e+14 1.24752e+34 6.521798488920252e+19 2.094889153012009e+38 
3.72820e+14 1.37189e+34 6.848211809694259e+19 2.166337334401220e+38 
3.86081e+14 1.50898e+34 7.194844964809862e+19 2.240221733931652e+38 
3.99849e+14 1.66009e+34 7.562846012704858e+19 2.316625312390732e+38 
4.14147e+14 1.82664e+34 7.953431871223590e+19 2.395634871177097e+38 
4.28999e+14 2.01020e+34 8.367848974756518e+19 2.477338701209084e+38 
4.44431e+14 2.21249e+34 8.807391277766802e+19 2.561830150574536e+38 
4.60469e+14 2.43540e+34 9.273419267897446e+19 2.649203182966954e+38 
4.77144e+14 2.68102e+34 9.767325823438453e+19 2.739556148524734e+38 
4.94485e+14 2.95161e+34 1.029055199569202e+20 2.832990538936716e+38 
5.12525e+14 3.24970e+34 1.084458851251386e+20 2.929611124613873e+38 
5.31299e+14 3.57802e+34 1.143097455301439e+20 3.029527795858642e+38 
5.50844e+14 3.93960e+34 1.205128629054959e+20 3.132851188639301e+38 
5.71200e+14 4.33776e+34 1.270715267691972e+20 3.239698439259568e+38 
5.92408e+14 4.77615e+34 1.340022917852673e+20 3.350191192061289e+38 
6.14515e+14 5.25873e+34 1.413220867193731e+20 3.464450695172291e+38 
6.37567e+14 5.78992e+34 1.490482821402345e+20 3.582608058798687e+38 
6.61617e+14 6.37449e+34 1.571983463033619e+20 3.704794436120034e+38 
6.86721e+14 7.01774e+34 1.657902520703745e+20 3.831148436043072e+38 
7.12936e+14 7.72543e+34 1.748419345063884e+20 3.961812288361556e+38 
7.40327e+14 8.50391e+34 1.843715522575790e+20 4.096932522100833e+38 
7.68963e+14 9.36011e+34 1.943972378018143e+20 4.236659724423280e+38 
7.98915e+14 1.03017e+35 2.049374933874206e+20 4.381154541955303e+38 
8.30264e+14 1.13369e+35 2.160102637450228e+20 4.530575733371604e+38 
8.63094e+14 1.24750e+35 2.276336488250648e+20 4.685093573762844e+38 
8.97497e+14 1.37259e+35 2.398256553312060e+20 4.844881958921259e+38 
9.33570e+14 1.51006e+35 2.526037364119156e+20 5.010119431411038e+38 
9.71421e+14 1.66111e+35 2.659850647452808e+20 5.180992252544748e+38 
1.01116e+15 1.82706e+35 2.799863834604447e+20 5.357693467924122e+38 
1.05292e+15 2.00935e+35 2.946239895707909e+20 5.540421130834282e+38 
1.09683e+15 2.20956e+35 3.099131360825787e+20 5.729378707600971e+38 
1.14303e+15 2.42941e+35 3.258689122334531e+20 5.924783672645484e+38 
1.19168e+15 2.67079e+35 3.425050277301682e+20 6.126850957249216e+38 
1.24295e+15 2.93577e+35 3.598347711837267e+20 6.335810881620642e+38 
1.29702e+15 3.22661e+35 3.778702895956094e+20 6.551898285406109e+38 
1.35410e+15 3.54578e+35 3.966222544591600e+20 6.775354498596345e+38 
1.41438e+15 3.89600e+35 4.161006256676901e+20 7.006431842106379e+38 
1.47812e+15 4.28022e+35 4.363138777001611e+20 7.245389436793567e+38 
1.54556e+15 4.70167e+35 4.572694822723868e+20 7.492498030486971e+38 
1.61697e+15 5.16390e+35 4.789732851298168e+20 7.748033213325765e+38 
1.69266e+15 5.67078e+35 5.014299245493548e+20 8.012285818212585e+38 
1.77294e+15 6.22653e+35 5.246421316277159e+20 8.285550795027336e+38 
1.85816e+15 6.83577e+35 5.486118964046079e+20 8.568131404753290e+38 
1.94872e+15 7.50354e+35 5.733391354390382e+20 8.860354182070433e+38 
2.04501e+15 8.23537e+35 5.988225297765930e+20 9.162540734144684e+38 
2.14750e+15 9.03727e+35 6.250590558695576e+20 9.475031744012325e+38 
2.25667e+15 9.91582e+35 6.520444940213564e+20 9.798184159700292e+38 
2.37305e+15 1.08782e+36 6.797728530405897e+20 1.013236011038096e+39 
2.49723e+15 1.19323e+36 7.082370619749452e+20 1.047793341121984e+39 
2.62982e+15 1.30865e+36 7.374275226172533e+20 1.083528411006480e+39 
2.77152e+15 1.43503e+36 7.673348656574873e+20 1.120482929246670e+39 
2.92307e+15 1.57339e+36 7.979478842395057e+20 1.158697741687368e+39 
3.08528e+15 1.72483e+36 8.292536876498540e+20 1.198216009889362e+39 
3.25904e+15 1.89057e+36 8.612384757390825e+20 1.239081798780270e+39 
3.44530e+15 2.07191e+36 8.938865810077044e+20 1.281340366017255e+39 
3.64512e+15 2.27033e+36 9.271845453020139e+20 1.325042009493690e+39 
3.85963e+15 2.48736e+36 9.611132456674140e+20 1.370233907106321e+39 
4.09006e+15 2.72473e+36 9.956552436471347e+20 1.416965128895041e+39 
4.33778e+15 2.98430e+36 1.030793438827460e+21 1.465292131809923e+39 
4.60424e+15 3.26810e+36 1.066509223639360e+21 1.515267532024681e+39 
4.89105e+15 3.57834e+36 1.102781067114009e+21 1.566945574813031e+39 
5.19996e+15 3.91742e+36 1.139591693437770e+21 1.620387782152562e+39 
5.53285e+15 4.28798e+36 1.176919526152870e+21 1.675651818165631e+39 
5.89179e+15 4.69285e+36 1.214744432610822e+21 1.732800427015052e+39 
6.27904e+15 5.13516e+36 1.253047198105926e+21 1.791898915299916e+39 
6.69704e+15 5.61830e+36 1.291807282652185e+21 1.853013399861577e+39 
