400
7.75786e+05 1.44215e+22 9.999999999999999e-01 4.673508632808696e+29 
8.19453e+05 1.57431e+22 1.657077994541319e+15 4.936562924337809e+29 
8.65578e+05 1.71836e+22 3.366992156961765e+15 5.214423561372784e+29 
9.14300e+05 1.87532e+22 5.130877966370589e+15 5.507923936253090e+29 
9.65763e+05 2.04630e+22 6.949908842158513e+15 5.817944349846204e+29 
1.02012e+06 2.23250e+22 8.825310495462083e+15 6.145414651972683e+29 
1.07754e+06 2.43523e+22 1.075837559423243e+16 6.491317030477792e+29 
1.13820e+06 2.65591e+22 1.275047741514528e+16 6.856688957306884e+29 
1.20226e+06 2.89609e+22 1.480308015233190e+16 7.242626300404776e+29 
1.26994e+06 3.15747e+22 1.691780122084168e+16 7.650286611259341e+29 
1.34142e+06 3.44192e+22 1.909656082053312e+16 8.080892598368920e+29 
1.41692e+06 3.75141e+22 2.134077408729251e+16 8.535735787000760e+29 
1.49668e+06 4.08798e+22 2.365135855080582e+16 9.016180392198586e+29 
1.58093e+06 4.45394e+22 2.602975626347942e+16 9.523667421084381e+29 
1.66991e+06 4.85190e+22 2.847828622428580e+16 1.005971900127973e+30 
1.76391e+06 5.28457e+22 3.099860045599641e+16 1.062594292413389e+30 
1.86320e+06 5.75479e+22 3.359164383063782e+16 1.122403746270879e+30 
1.96807e+06 6.26566e+22 3.625867756902781e+16 1.185579648393108e+30 
2.07885e+06 6.82075e+22 3.900217776697573e+16 1.252311484449439e+30 
2.19587e+06 7.42385e+22 4.182414473149495e+16 1.322799405056892e+30 
2.31947e+06 8.07885e+22 4.472562029489101e+16 1.397254826272145e+30 
2.45003e+06 8.78993e+22 4.770764055913898e+16 1.475901064296237e+30 
2.58794e+06 9.56195e+22 5.077270846818437e+16 1.558974007087594e+30 
2.73361e+06 1.04002e+23 5.392331817306654e+16 1.646722820178433e+30 
2.88748e+06 1.13100e+23 5.716064940214877e+16 1.739410687868346e+30 
3.05001e+06 1.22969e+23 6.048540276924904e+16 1.837315604970519e+30 
3.22169e+06 1.33675e+23 6.389975412646517e+16 1.940731219478267e+30 
3.40304e+06 1.45291e+23 6.740672276791831e+16 2.049967709997757e+30 
3.59459e+06 1.57890e+23 7.100792013165427e+16 2.165352711582725e+30 
3.79693e+06 1.71548e+23 7.470401561724251e+16 2.287232300386940e+30 
4.01066e+06 1.86353e+23 7.849663306500846e+16 2.415972033597856e+30 
4.23641e+06 2.02403e+23 8.238926511343603e+16 2.551958049230053e+30 
4.47488e+06 2.19802e+23 8.638418951248949e+16 2.695598215178087e+30 
4.72677e+06 2.38654e+23 9.048207027084955e+16 2.847323347106885e+30 
4.99283e+06 2.59072e+23 9.468372090569845e+16 3.007588509454027e+30 
5.27388e+06 2.81188e+23 9.899248941931854e+16 3.176874395562640e+30 
5.57074e+06 3.05148e+23 1.034115541589511e+17 3.355688754098495e+30 
5.88432e+06 3.31096e+23 1.079422632781711e+17 3.544567901024669e+30 
6.21555e+06 3.59184e+23 1.125857165070859e+17 3.744078332422335e+30 
6.56542e+06 3.88253e+23 1.171391533531567e+17 3.954818437530351e+30 
6.93499e+06 4.12377e+23 1.207146205300248e+17 4.177420411417959e+30 
7.32536e+06 4.39040e+23 1.244522338330282e+17 4.412552186291346e+30 
7.73771e+06 4.85550e+23 1.306150628516992e+17 4.660919005353121e+30 
8.17327e+06 5.38104e+23 1.368863539625832e+17 4.923266975933018e+30 
8.63335e+06 5.24453e+23 1.352709922072841e+17 5.200379626610724e+30 
9.11932e+06 4.78399e+23 1.296877145176432e+17 5.493094607549760e+30 
9.63265e+06 4.74243e+23 1.291458423426793e+17 5.802286550176171e+30 
1.01749e+07 5.47134e+23 1.378084386057983e+17 6.128873357989476e+30 
1.07476e+07 6.78840e+23 1.503789076470176e+17 6.473850063119770e+30 
1.13526e+07 8.11418e+23 1.623958111813879e+17 6.838240957880862e+30 
1.19917e+07 9.16248e+23 1.713821210910036e+17 7.223139682697157e+30 
1.26667e+07 1.01912e+24 1.797326944073124e+17 7.629701715529631e+30 
1.33797e+07 1.11075e+24 1.867776506186463e+17 8.059147107627425e+30 
1.41329e+07 1.18754e+24 1.923651480709685e+17 8.512764693466581e+30 
1.49285e+07 1.25898e+24 1.972816434404972e+17 8.991915518351116e+30 
1.57688e+07 1.34359e+24 2.027909589910831e+17 9.498036570121153e+30 
1.66565e+07 1.45092e+24 2.094084012131884e+17 1.003264535921302e+31 
1.75941e+07 1.56944e+24 2.163301293271712e+17 1.059734525644894e+31 
1.85845e+07 1.69754e+24 2.234116376832257e+17 1.119383011734879e+31 
1.96307e+07 1.83598e+24 2.306568247085341e+17 1.182388900662480e+31 
2.07357e+07 1.98548e+24 2.380642635806642e+17 1.248941157761654e+31 
2.19030e+07 2.14675e+24 2.456293228073186e+17 1.319239377211501e+31 
2.31359e+07 2.32058e+24 2.533474169106909e+17 1.393494399549562e+31 
2.44383e+07 2.50815e+24 2.612358429245864e+17 1.471928945974800e+31 
2.58140e+07 2.71072e+24 2.692962535056465e+17 1.554778306602213e+31 
2.72672e+07 2.92955e+24 2.775442207218165e+17 1.642290964228459e+31 
2.88021e+07 3.16578e+24 2.859691930692573e+17 1.734729402544189e+31 
3.04235e+07 3.42050e+24 2.945712450675832e+17 1.832370834681444e+31 
3.21362e+07 3.69491e+24 3.033423311930983e+17 1.935508099061434e+31 
3.39452e+07 3.99070e+24 3.122959526186083e+17 2.044450544231907e+31 
3.58561e+07 4.30994e+24 3.214421389432049e+17 2.159524980570514e+31 
3.78746e+07 4.65461e+24 3.307938458552468e+17 2.281076564782709e+31 
4.00068e+07 5.02660e+24 3.403456069087194e+17 2.409469874388987e+31 
4.22589e+07 5.42763e+24 3.500957620236355e+17 2.545089948253315e+31 
4.46379e+07 5.85951e+24 3.600373916699786e+17 2.688343498542509e+31 
4.71507e+07 6.32460e+24 3.701706483614231e+17 2.839660198498413e+31 
4.98051e+07 6.82616e+24 3.805165119297517e+17 2.999493964617061e+31 
5.26089e+07 7.36742e+24 3.910879156545347e+17 3.168324241967031e+31 
5.55705e+07 7.95146e+24 4.018864222656148e+17 3.346657417020498e+31 
5.86989e+07 8.58111e+24 4.129048165830451e+17 3.535028322150052e+31 
6.20034e+07 9.25909e+24 4.241362433477328e+17 3.734001838946366e+31 
6.54939e+07 9.98870e+24 4.355857774620779e+17 3.944174666684416e+31 
6.91810e+07 1.07748e+25 4.472571660559972e+17 4.166177341844812e+31 
7.30756e+07 1.16226e+25 4.591759560559004e+17 4.400675811755437e+31 
7.71895e+07 1.25373e+25 4.713503834039137e+17 4.648373454058358e+31 
8.15351e+07 1.35234e+25 4.837784552335003e+17 4.910013135207939e+31 
8.61252e+07 1.45854e+25 4.964427728758767e+17 5.186379491459407e+31 
9.09739e+07 1.57278e+25 5.093452174765722e+17 5.478301225788259e+31 
9.60954e+07 1.69575e+25 5.224919033596577e+17 5.786653991723245e+31 
1.01505e+08 1.82828e+25 5.359044268636717e+17 6.112362892411278e+31 
1.07220e+08 1.97122e+25 5.496021218300041e+17 6.456404932136175e+31 
1.13256e+08 2.12534e+25 5.635795377031441e+17 6.819812040879111e+31 
1.19632e+08 2.29135e+25 5.778365134481989e+17 7.203673944435982e+31 
1.26368e+08 2.46994e+25 5.923554130758237e+17 7.609141721857532e+31 
1.33482e+08 2.66202e+25 6.071362572675060e+17 8.037431391451634e+31 
1.40997e+08 2.86886e+25 6.222118471348055e+17 8.489827784303451e+31 
1.48935e+08 3.09181e+25 6.375858687915871e+17 8.967688238874505e+31 
1.57320e+08 3.33215e+25 6.532816612617522e+17 9.472445986135325e+31 
1.66177e+08 3.59112e+25 6.692921860360280e+17 1.000561487867223e+32 
1.75533e+08 3.86990e+25 6.856053689959299e+17 1.056879375336779e+32 
1.85415e+08 4.16978e+25 7.022245243915005e+17 1.116367132212120e+32 
1.95854e+08 4.48272e+25 7.186500227229636e+17 1.179203208392292e+32 
2.06881e+08 4.74369e+25 7.316332089569760e+17 1.245576196931104e+32 
2.18529e+08 4.93593e+25 7.406723042047261e+17 1.315685551339961e+32 
2.30832e+08 5.15726e+25 7.505159678141034e+17 1.389741831784412e+32 
2.43829e+08 5.58588e+25 7.685102007863213e+17 1.467967090265552e+32 
2.57557e+08 6.32335e+25 7.978836607638043e+17 1.550595053431868e+32 
2.72058e+08 6.99592e+25 8.219428640810813e+17 1.637875206856880e+32 
2.87376e+08 6.83149e+25 8.160926782087404e+17 1.730065548590844e+32 
3.03556e+08 7.27849e+25 8.319277849065286e+17 1.827444795912764e+32 
3.20647e+08 8.34592e+25 8.660227137365823e+17 1.930306095365571e+32 
3.38700e+08 9.15788e+25 8.906827240066382e+17 2.038955430827933e+32 
3.57770e+08 9.81396e+25 9.095295387063845e+17 2.153720293582112e+32 
3.77914e+08 1.04981e+26 9.281233929004246e+17 2.274945092283113e+32 
3.99192e+08 1.13052e+26 9.488844491403674e+17 2.402993225954869e+32 
4.21669e+08 1.21740e+26 9.700545604142852e+17 2.538248686853346e+32 
4.45411e+08 1.31091e+26 9.916202804279085e+17 2.681117171589257e+32 
4.70490e+08 1.41156e+26 1.013590058791397e+18 2.832027199114758e+32 
4.96981e+08 1.51989e+26 1.035982587504764e+18 2.991431375987499e+32 
5.24964e+08 1.63648e+26 1.058799608726297e+18 3.159807790590754e+32 
5.54523e+08 1.76196e+26 1.082040999806220e+18 3.337661514276011e+32 
5.85747e+08 1.89702e+26 1.105725174291951e+18 3.525525953314356e+32 
6.18728e+08 2.04237e+26 1.129856670400680e+18 3.723964542424705e+32 
6.53568e+08 2.19879e+26 1.154436289876833e+18 3.933572536307824e+32 
6.90369e+08 2.36714e+26 1.179489211556235e+18 4.154978533614623e+32 
7.29242e+08 2.54830e+26 1.205004124946608e+18 4.388846658076052e+32 
7.70305e+08 2.74327e+26 1.231000216473961e+18 4.635878370002547e+32 
8.13681e+08 2.95308e+26 1.257487855075401e+18 4.896814547410322e+32 
8.59499e+08 3.17886e+26 1.284471078620771e+18 5.172437812482759e+32 
9.07898e+08 3.42185e+26 1.311955175471165e+18 5.463574942262461e+32 
9.59022e+08 3.68332e+26 1.339964571528159e+18 5.771098997337349e+32 
1.01303e+09 3.96467e+26 1.368489792218858e+18 6.095932457813526e+32 
1.07007e+09 4.26745e+26 1.397550697395100e+18 6.439049617700901e+32 
1.13033e+09 4.59325e+26 1.427164762545252e+18 6.801479407110724e+32 
1.19398e+09 4.90145e+26 1.453680454163134e+18 7.184309225785048e+32 
1.26122e+09 5.23305e+26 1.480676479423880e+18 7.588688893313573e+32 
1.33224e+09 5.71775e+26 1.518247512978338e+18 8.015829030992959e+32 
1.40726e+09 5.91441e+26 1.532597643025177e+18 8.467007785725226e+32 
1.48651e+09 6.23341e+26 1.554597740449281e+18 8.943585613490875e+32 
1.57022e+09 6.60930e+26 1.579167870843614e+18 9.446987337924908e+32 
1.65865e+09 7.20153e+26 1.615808570977036e+18 9.978723530053392e+32 
1.75205e+09 7.72756e+26 1.646648623770127e+18 1.054038810718092e+33 
1.85072e+09 8.31647e+26 1.679333014732277e+18 1.113366688715912e+33 
1.95494e+09 8.95004e+26 1.712616766783009e+18 1.176033910499925e+33 
2.06504e+09 9.63177e+26 1.746521779393253e+18 1.242228436621296e+33 
2.18133e+09 1.03653e+27 1.781058184460611e+18 1.312148796840965e+33 
2.30418e+09 1.11545e+27 1.816233650496117e+18 1.386004709664678e+33 
2.43395e+09 1.20037e+27 1.852067512417837e+18 1.464017710776570e+33 
2.57102e+09 1.29174e+27 1.888563430565250e+18 1.546421749028012e+33 
2.71582e+09 1.39004e+27 1.925731721103457e+18 1.633464017325268e+33 
2.86877e+09 1.49544e+27 1.963461671161484e+18 1.725405569469502e+33 
3.03034e+09 1.60836e+27 2.001864184945478e+18 1.822521902130767e+33 
3.20101e+09 1.66998e+27 2.021736755017832e+18 1.925105081144019e+33 
3.38129e+09 1.70070e+27 2.031075601381103e+18 2.033463643141391e+33 
3.57173e+09 1.90611e+27 2.088569313099437e+18 2.147925182003473e+33 
3.77289e+09 2.08490e+27 2.137297718965280e+18 2.268823268404102e+33 
3.98539e+09 2.22910e+27 2.174470885461960e+18 2.396526484067780e+33 
4.20986e+09 2.39360e+27 2.214584023240073e+18 2.531417930919939e+33 
4.44697e+09 2.57554e+27 2.256599038101228e+18 2.673901912783371e+33 
4.69744e+09 2.77129e+27 2.299387311966819e+18 2.824405786383846e+33 
4.96202e+09 2.98189e+27 2.342969958298273e+18 2.983380951105500e+33 
5.24151e+09 3.20847e+27 2.387361015453217e+18 3.151304223397131e+33 
5.53674e+09 3.45224e+27 2.432573474154543e+18 3.328679242366203e+33 
5.84861e+09 3.71450e+27 2.478615048351860e+18 3.516038068824599e+33 
6.17805e+09 3.99664e+27 2.525513264515207e+18 3.713942578548708e+33 
6.52604e+09 4.30021e+27 2.573272873212549e+18 3.922986439844828e+33 
6.89365e+09 4.62679e+27 2.621921062183261e+18 4.143796545832642e+33 
7.28197e+09 4.97816e+27 2.671462260303022e+18 4.377035256217890e+33 
7.69217e+09 5.35617e+27 2.721920251557950e+18 4.623402075583632e+33 
8.12548e+09 5.76284e+27 2.773310217065375e+18 4.883635929734702e+33 
8.58320e+09 6.20035e+27 2.825641569246285e+18 5.158517416337441e+33 
9.06672e+09 6.67103e+27 2.878945386554206e+18 5.448870873377571e+33 
9.57749e+09 7.17744e+27 2.933239011526796e+18 5.755567229390454e+33 
1.01170e+10 7.71765e+27 2.988073105012582e+18 6.079526324975816e+33 
1.06870e+10 8.22946e+27 3.037239559889937e+18 6.421720487453313e+33 
1.12891e+10 8.94202e+27 3.105312363805309e+18 6.783152808827919e+33 
1.19250e+10 9.01818e+27 3.111871947406676e+18 7.164952936659514e+33 
1.25969e+10 9.80905e+27 3.173038877562751e+18 7.568273183988355e+33 
1.33065e+10 1.06652e+28 3.239130089802050e+18 7.994261984443110e+33 
1.40562e+10 1.14304e+28 3.295029899572896e+18 8.444228419370058e+33 
1.48481e+10 1.22976e+28 3.354991330144938e+18 8.919522182353392e+33 
1.56846e+10 1.32306e+28 3.416052196387942e+18 9.421568450905004e+33 
1.65683e+10 1.42343e+28 3.478247525218446e+18 9.951872899264687e+33 
1.75018e+10 1.53142e+28 3.541584399973342e+18 1.051202630234241e+34 
1.84879e+10 1.64759e+28 3.606091107158038e+18 1.110370848057873e+34 
1.95296e+10 1.77255e+28 3.671771891230621e+18 1.172869426550354e+34 
2.06300e+10 1.90700e+28 3.738677437185774e+18 1.238885811805982e+34 
2.17924e+10 2.05164e+28 3.806802352565283e+18 1.308618023077246e+34 
2.30204e+10 2.20723e+28 3.876180210180311e+18 1.382275178871014e+34 
2.43175e+10 2.37462e+28 3.946844102052863e+18 1.460078209624185e+34 
2.56878e+10 2.55409e+28 4.018560733916344e+18 1.542260511353443e+34 
2.71354e+10 2.74104e+28 4.089441682129885e+18 1.629068316184517e+34 
2.86645e+10 2.85879e+28 4.131618812867522e+18 1.720763279576870e+34 
3.02797e+10 3.01870e+28 4.185759099082203e+18 1.817618180654250e+34 
3.19860e+10 3.25195e+28 4.260535599855587e+18 1.919925235130468e+34 
3.37885e+10 3.49849e+28 4.335428118762241e+18 2.027990562604405e+34 
3.56926e+10 3.76377e+28 4.411708832702623e+18 2.142138491651703e+34 
3.77040e+10 4.04912e+28 4.489385735870260e+18 2.262711340464746e+34 
3.98289e+10 4.35613e+28 4.568501251220057e+18 2.390070786641800e+34 
4.20735e+10 4.68638e+28 4.649058186544028e+18 2.524598827026826e+34 
4.44447e+10 5.04168e+28 4.731103853713738e+18 2.666698946130251e+34 
4.69496e+10 5.41713e+28 4.813176361956638e+18 2.816797395007892e+34 
4.95958e+10 5.82660e+28 4.897996462710247e+18 2.975344207769997e+34 
5.23911e+10 6.14415e+28 4.960205334348307e+18 3.142813456753390e+34 
5.53440e+10 6.60991e+28 5.046475291092682e+18 3.319710891675721e+34 
5.84633e+10 7.11097e+28 5.134425675197873e+18 3.506564819337815e+34 
6.17586e+10 7.65098e+28 5.224442805370295e+18 3.703934852261540e+34 
6.52397e+10 7.94985e+28 5.271465926342281e+18 3.912413131564422e+34 
6.89169e+10 8.55210e+28 5.360847638595339e+18 4.132629412725483e+34 
7.28015e+10 9.20035e+28 5.452263304124814e+18 4.365239223008212e+34 
7.69052e+10 9.78661e+28 5.530570312245604e+18 4.610942719406735e+34 
8.12401e+10 1.02774e+29 5.592566491319558e+18 4.870472212972843e+34 
8.58195e+10 1.10745e+29 5.687724489594559e+18 5.144613620681399e+34 
9.06572e+10 1.19139e+29 5.782730017142474e+18 5.434184463385943e+34 
9.57677e+10 1.28169e+29 5.879476258624407e+18 5.740054039219699e+34 
1.01166e+11 1.37883e+29 5.978006091751718e+18 6.063139847123896e+34 
1.06870e+11 1.48334e+29 6.078328195472928e+18 6.404411064992140e+34 
1.12895e+11 1.59576e+29 6.180496772965289e+18 6.764891021547889e+34 
1.19259e+11 1.71670e+29 6.284544992926021e+18 7.145661034004702e+34 
1.25983e+11 1.84520e+29 6.389396342078208e+18 7.547861412925730e+34 
1.33086e+11 1.93060e+29 6.455275348274470e+18 7.972706465376916e+34 
1.40589e+11 2.01721e+29 6.518454372602064e+18 8.421454274925032e+34 
1.48516e+11 2.16950e+29 6.623431310552162e+18 8.895468210472248e+34 
1.56889e+11 2.33393e+29 6.730956443693985e+18 9.396160195085007e+34 
1.65735e+11 2.51083e+29 6.840447524169968e+18 9.925034434896898e+34 
1.75080e+11 2.70112e+29 6.951945515953485e+18 1.048367689835147e+35 
1.84952e+11 2.90496e+29 7.065578533371061e+18 1.107375625704130e+35 
1.95381e+11 2.99894e+29 7.114932915709723e+18 1.169705742148808e+35 
2.06397e+11 3.22651e+29 7.227462798080130e+18 1.235544828496837e+35 
2.18036e+11 3.47104e+29 7.342654666359070e+18 1.305088732672940e+35 
2.30330e+11 3.65366e+29 7.423994550617947e+18 1.378547467124544e+35 
2.43319e+11 3.93048e+29 7.540537234408252e+18 1.456140908004459e+35 
2.57040e+11 4.22834e+29 7.659562151544267e+18 1.538101253362089e+35 
2.71535e+11 4.44850e+29 7.742773553263603e+18 1.624675962550967e+35 
2.86847e+11 4.68123e+29 7.825961635487465e+18 1.716121445141857e+35 
3.03023e+11 5.03466e+29 7.945444904571203e+18 1.812715681753789e+35 
3.20111e+11 5.41624e+29 8.067706754589583e+18 1.914746540494684e+35 
3.38164e+11 5.82672e+29 8.192204643625458e+18 2.022520320676976e+35 
3.57236e+11 6.26398e+29 8.317938673248823e+18 2.136359830860469e+35 
3.77384e+11 6.57785e+29 8.403268797507519e+18 2.256607203386009e+35 
3.98667e+11 6.94896e+29 8.498670130844071e+18 2.383621380985279e+35 
4.21152e+11 7.47564e+29 8.626962217157863e+18 2.517786268200070e+35 
4.44905e+11 7.87506e+29 8.719037629378169e+18 2.659503785762913e+35 
4.69997e+11 8.47343e+29 8.849452818271828e+18 2.809190052975400e+35 
4.96501e+11 9.12095e+29 8.983193005359776e+18 2.967277005548469e+35 
5.24496e+11 9.82164e+29 9.120192884754189e+18 3.134231230717696e+35 
5.54065e+11 1.05798e+30 9.260494881948932e+18 3.310544356859706e+35 
5.85295e+11 1.13999e+30 9.404170127419892e+18 3.496734361832370e+35 
6.18279e+11 1.22868e+30 9.551252020362201e+18 3.693347187604988e+35 
6.53113e+11 1.32455e+30 9.701738633462913e+18 3.900958227653072e+35 
6.89901e+11 1.42811e+30 9.855631507915702e+18 4.120173747554667e+35 
7.28750e+11 1.53989e+30 1.001287592559229e+19 4.351632841241136e+35 
7.69775e+11 1.66044e+30 1.017341598514387e+19 4.596009026623078e+35 
8.13095e+11 1.79029e+30 1.033711644719068e+19 4.854012630154144e+35 
8.58838e+11 1.92997e+30 1.050382786119912e+19 5.126392675048665e+35 
9.07136e+11 2.07999e+30 1.067331343899904e+19 5.413939707062915e+35 
9.58132e+11 2.24079e+30 1.084532234271028e+19 5.717488088545852e+35 
1.01197e+12 2.41278e+30 1.101949687734166e+19 6.037919566536688e+35 
1.06882e+12 2.59626e+30 1.119541086811205e+19 6.376166464200574e+35 
1.12884e+12 2.79140e+30 1.137256854335396e+19 6.733215504269421e+35 
1.19221e+12 2.99823e+30 1.155033278572810e+19 7.110112670871722e+35 
1.25911e+12 3.21657e+30 1.172801460229809e+19 7.507967455001005e+35 
1.32976e+12 3.44598e+30 1.190479564920014e+19 7.927958949510232e+35 
1.40435e+12 3.68572e+30 1.207971096494384e+19 8.371342263628883e+35 
1.48311e+12 3.93467e+30 1.225170253485665e+19 8.839455017162577e+35 
1.56629e+12 4.19128e+30 1.241956758364022e+19 9.333725499069311e+35 
1.65415e+12 4.45349e+30 1.258198601005015e+19 9.855680840300400e+35 
1.74696e+12 4.71863e+30 1.273751982867779e+19 1.040695605291959e+36 
1.84502e+12 4.98344e+30 1.288459490842330e+19 1.098930375112060e+36 
1.94864e+12 5.24391e+30 1.302159166355128e+19 1.160460272133799e+36 
2.05817e+12 5.49533e+30 1.314681156002768e+19 1.225486754974103e+36 
2.17397e+12 5.73227e+30 1.325853830045656e+19 1.294225611933608e+36 
2.29642e+12 5.94862e+30 1.335516163365606e+19 1.366907410081533e+36 
2.42594e+12 6.13774e+30 1.343513157888792e+19 1.443777862013948e+36 
2.56297e+12 6.29268e+30 1.349720817117441e+19 1.525097277613957e+36 
2.70796e+12 6.40655e+30 1.354044535304275e+19 1.611139753295165e+36 
2.86140e+12 6.47301e+30 1.356432005599275e+19 1.702191311272252e+36 
3.02379e+12 6.48700e+30 1.356723346978009e+19 1.798550280624641e+36 
3.19561e+12 6.44561e+30 1.355491731731702e+19 1.900506737221213e+36 
3.37738e+12 6.34924e+30 1.351897280316180e+19 2.008381867448251e+36 
3.56957e+12 6.20287e+30 1.346163939604120e+19 2.122473329561887e+36 
3.77267e+12 6.01732e+30 1.338471303368029e+19 2.243072285118984e+36 
3.98712e+12 5.81039e+30 1.329403116925727e+19 2.370450391261550e+36 
4.21335e+12 5.60726e+30 1.320035190197835e+19 2.504859423219413e+36 
4.45181e+12 5.43936e+30 1.311951808521830e+19 2.646544807245237e+36 
4.70305e+12 5.34045e+30 1.307048206381062e+19 2.795789027244979e+36 
4.96786e+12 5.33762e+30 1.306906210128710e+19 2.953012008243849e+36 
5.24747e+12 5.44800e+30 1.312375357545719e+19 3.118899317543251e+36 
5.54305e+12 5.74590e+30 1.326478244634024e+19 3.294061626692033e+36 
5.85556e+12 6.26253e+30 1.348539588043628e+19 3.479046093218124e+36 
6.18580e+12 6.91495e+30 1.363824091228206e+19 3.674830722109820e+36 
6.53456e+12 7.55476e+30 1.373726958401269e+19 3.881759827505732e+36 
6.90285e+12 8.14468e+30 1.382586122944856e+19 4.100239108828328e+36 
7.29191e+12 8.76623e+30 1.391362303153359e+19 4.331019806997692e+36 
7.70292e+12 9.42654e+30 1.400119598533041e+19 4.574803461729840e+36 
8.13711e+12 1.01382e+31 1.409111571652149e+19 4.832306867771245e+36 
8.59577e+12 1.09122e+31 1.418395374758428e+19 5.104297066083389e+36 
9.08031e+12 1.17488e+31 1.427869804439702e+19 5.391597439002475e+36 
9.59217e+12 1.26518e+31 1.437511647434503e+19 5.695071340989454e+36 
1.01329e+13 1.36247e+31 1.447288775518591e+19 6.015630094640756e+36 
1.07041e+13 1.46727e+31 1.457299622701991e+19 6.354229134502404e+36 
1.13076e+13 1.57992e+31 1.467514173448984e+19 6.711884714101929e+36 
1.19451e+13 1.70036e+31 1.477942310737994e+19 7.089664159979652e+36 
1.26185e+13 1.82887e+31 1.488448907809636e+19 7.488709406881006e+36 
1.33299e+13 1.96706e+31 1.498983281886150e+19 7.910229747501887e+36 
1.40815e+13 2.11698e+31 1.509917146226533e+19 8.355466287579915e+36 
1.48755e+13 2.27926e+31 1.521003441274046e+19 8.825774956017852e+36 
1.57142e+13 2.45350e+31 1.532402698442407e+19 9.322542422974354e+36 
1.66003e+13 2.64074e+31 1.544138326725484e+19 9.847255541385689e+36 
1.75364e+13 2.84269e+31 1.555868494027590e+19 1.040153028698410e+37 
1.85253e+13 3.05987e+31 1.567849634523389e+19 1.098699870181999e+37 
1.95700e+13 3.29238e+31 1.580108612294876e+19 1.160540617833491e+37 
2.06737e+13 3.54337e+31 1.592497416721136e+19 1.225863962899697e+37 
2.18396e+13 3.81422e+31 1.605226459128365e+19 1.294863099081878e+37 
2.30714e+13 4.10259e+31 1.618021825396188e+19 1.367746458972260e+37 
2.43727e+13 4.41510e+31 1.631260894929535e+19 1.444730411107698e+37 
2.57474e+13 4.75413e+31 1.644753694383015e+19 1.526049107653453e+37 
2.71997e+13 5.11967e+31 1.658588059174752e+19 1.611943754863644e+37 
2.87340e+13 5.51324e+31 1.672524899705202e+19 1.702676078458146e+37 
3.03549e+13 5.93635e+31 1.686860647884680e+19 1.798512483097822e+37 
3.20673e+13 6.39796e+31 1.701600781660632e+19 1.899744461347761e+37 
3.38764e+13 6.89802e+31 1.716808360599299e+19 2.006672306714747e+37 
3.57877e+13 7.43943e+31 1.732153079740772e+19 2.119624215145705e+37 
3.78069e+13 8.02558e+31 1.748075859648387e+19 2.238929176344896e+37 
3.99401e+13 8.66849e+31 1.764679982055107e+19 2.364947386383781e+37 
4.21938e+13 9.36550e+31 1.781579790784729e+19 2.498062321292001e+37 
4.45749e+13 1.01323e+32 1.799149439232044e+19 2.638670688886047e+37 
4.70904e+13 1.09695e+32 1.817439457304241e+19 2.787189519123196e+37 
4.97481e+13 1.18945e+32 1.836438685172624e+19 2.944071806052020e+37 
5.25560e+13 1.29159e+32 1.856388709083350e+19 3.109781362676944e+37 
5.55226e+13 1.40411e+32 1.877238928409958e+19 3.284816024970707e+37 
5.86570e+13 1.52873e+32 1.898960550789676e+19 3.469707779042020e+37 
6.19685e+13 1.66819e+32 1.922020987746757e+19 3.665004354091845e+37 
6.54674e+13 1.82302e+32 1.946219307943604e+19 3.871294855106870e+37 
6.91643e+13 1.99652e+32 1.971915527275750e+19 4.089195429333827e+37 
7.30704e+13 2.19173e+32 1.999214294492662e+19 4.319363854060558e+37 
7.71976e+13 2.41128e+32 2.028303912522627e+19 4.562486268233869e+37 
8.15587e+13 2.65843e+32 2.059310594851054e+19 4.819292502273640e+37 
8.61668e+13 2.93881e+32 2.092669340372863e+19 5.090549527066073e+37 
9.10362e+13 3.25505e+32 2.128265250242636e+19 5.377074884798669e+37 
9.61817e+13 3.61412e+32 2.166422728562150e+19 5.679733132667145e+37 
1.01619e+14 4.02129e+32 2.207374598060847e+19 5.999426962472442e+37 
1.07366e+14 4.47288e+32 2.250465481562964e+19 6.337106348556602e+37 
1.13438e+14 4.99699e+32 2.297757045333327e+19 6.693795881768847e+37 
1.19857e+14 5.55731e+32 2.345426117433850e+19 7.070578477167180e+37 
1.26640e+14 6.18980e+32 2.396622619107369e+19 7.468554737709509e+37 
1.33809e+14 7.01601e+32 2.459482361678530e+19 7.888941103483786e+37 
1.41388e+14 8.04626e+32 2.534067670436291e+19 8.332963333005283e+37 
1.49400e+14 9.25402e+32 2.616402570820021e+19 8.802011217532886e+37 
1.57871e+14 1.06698e+33 2.707913861779865e+19 9.297439574467054e+37 
1.66829e+14 1.23292e+33 2.809264658790609e+19 9.820761604640006e+37 
1.76302e+14 1.42733e+33 2.921697703431440e+19 1.037352305594665e+38 
1.86322e+14 1.65502e+33 3.046051532739018e+19 1.095741297454111e+38 
1.96921e+14 1.92025e+33 3.183018546318329e+19 1.157416572550676e+38 
2.08134e+14 2.22289e+33 3.330882616006264e+19 1.222561412975816e+38 
2.19999e+14 2.57389e+33 3.492810556699349e+19 1.291374718755043e+38 
2.32556e+14 2.98327e+33 3.671202491217164e+19 1.364062203691742e+38 
2.45847e+14 3.46204e+33 3.868273219740643e+19 1.440841656793614e+38 
2.59918e+14 4.02299e+33 4.086456119090242e+19 1.521941284422098e+38 
2.74820e+14 4.68112e+33 4.328272962862884e+19 1.607604006677512e+38 
2.90605e+14 5.45422e+33 4.596257264725106e+19 1.698091385183861e+38 
3.07331e+14 6.36343e+33 4.893793290643555e+19 1.793670196527300e+38 
3.25061e+14 7.43400e+33 5.224384911139394e+19 1.894626946305521e+38 
3.43861e+14 8.69599e+33 5.591580633049176e+19 2.001272761929667e+38 
3.63805e+14 1.01853e+34 6.000292957308015e+19 2.113916487739079e+38 
3.84973e+14 1.19447e+34 6.455139957039254e+19 2.232901738204214e+38 
4.07452e+14 1.40248e+34 6.961763593147555e+19 2.358578646627063e+38 
4.31339e+14 1.64858e+34 7.525476540655085e+19 2.491338407964632e+38 
4.56738e+14 1.93983e+34 8.153257040084525e+19 2.631561269854005e+38 
4.83764e+14 2.28455e+34 8.851119125128318e+19 2.779687442096114e+38 
5.12547e+14 2.69239e+34 9.626595654701264e+19 2.936145823855175e+38 
5.43228e+14 3.17457e+34 1.048687354111074e+20 3.101405205439697e+38 
5.75965e+14 3.74401e+34 1.143876705314291e+20 3.275976124043535e+38 
6.10931e+14 4.41552e+34 1.248980715841297e+20 3.460368631426736e+38 
6.48322e+14 5.20591e+34 1.364683442108171e+20 3.655135605207504e+38 
6.88354e+14 6.13424e+34 1.491606458344309e+20 3.860867619534489e+38 
7.31269e+14 7.22194e+34 1.630307915649506e+20 4.078189088732201e+38 
7.77336e+14 8.49298e+34 1.781320626482894e+20 4.307733964568599e+38 
8.26856e+14 9.97405e+34 1.945010356993051e+20 4.550204589147447e+38 
8.80164e+14 1.16948e+35 2.121710169192262e+20 4.806306085543580e+38 
9.37633e+14 1.36879e+35 2.311521589349221e+20 5.076845475970530e+38 
9.99678e+14 1.59894e+35 2.514576391484255e+20 5.362594959151496e+38 
1.06676e+15 1.86391e+35 2.730774541959290e+20 5.664436731527345e+38 
1.13940e+15 2.16805e+35 2.959950720488786e+20 5.983277736249625e+38 
1.21817e+15 2.51616e+35 3.201886373243299e+20 6.320043501749614e+38 
1.30370e+15 2.91348e+35 3.456185038421026e+20 6.675774564778526e+38 
1.39670e+15 3.36581e+35 3.722423506133616e+20 7.051538851859715e+38 
1.49795e+15 3.87949e+35 4.000166447053963e+20 7.448426647809590e+38 
1.60833e+15 4.46152e+35 4.288815862870289e+20 7.867689443202611e+38 
1.72880e+15 5.11962e+35 4.587898892671214e+20 8.310519538745844e+38 
1.86043e+15 5.86232e+35 4.896806000764832e+20 8.778283702551275e+38 
2.00440e+15 6.69904e+35 5.214972993700943e+20 9.272385456248907e+38 
2.16204e+15 7.64023e+35 5.541857756283803e+20 9.794289880539125e+38 
2.33480e+15 8.69746e+35 5.876887237158947e+20 1.034559509905282e+39 
2.52429e+15 9.88355e+35 6.219585949147908e+20 1.092790100009894e+39 
2.73232e+15 1.12128e+36 6.569440866757614e+20 1.154296734070137e+39 
2.96086e+15 1.27009e+36 6.925936227639432e+20 1.219269816488951e+39 
3.21213e+15 1.43656e+36 7.288674693828179e+20 1.287898186514261e+39 
3.48856e+15 1.62263e+36 7.657243905557323e+20 1.360387075800218e+39 
3.79287e+15 1.83049e+36 8.031211215086560e+20 1.436961151149036e+39 
